"","start","end","width","seq","strand","class","region.name"
"1",138,309,172,"ACTGCTTTTTGATTTCTAGATTCATCTCACAGAGTTAAACCTTTCTATTGATCCAGCTGGTTGGAAACACTCTTTTTCTAGAATCTGTGAAGGGACTTGTGGGAGCTTATTGAGGCCTATGAAGAAAAACAGAATATTCCCAGATAAAAACTAGAAATAAGCAATCTGTGAA","+","","CP068268_39050443_39150442.fa_CP068268_39050443_39150442"
"2",310,480,171,"ACTGCTTTGTTATGCGTGGATTCATCTCACAGAGTTAAAACTTCGTTTTGATTCAGCAGTTTGAAAACAATATTTTTAAAGAATCTGAGAAGGGACATTGGAGAACCCATTGAAACCTTTGGGGAAAAACTTAGTATCCCAGATAAAAACCGGAATAAAGTTATCTGTGAA","+","","CP068268_39050443_39150442.fa_CP068268_39050443_39150442"
"3",481,652,172,"AGTGCGTTGTCACTTGTGAACTTATCTGACAGAGTTAAACCTTTCTTTTGATTCAGCATTTTGTAAACACTATTTTTAGGGAATCTGCATAGAGACATTTTGGAGCCAATGGAAGCCTATGGGGAAAAAAGGAATATCCCAAGATAAAAACTAGAAAGTAGGTATCCATCAA","+","","CP068268_39050443_39150442.fa_CP068268_39050443_39150442"
"4",653,822,170,"ACTGCTTGGTGATTTGTGGATTTATCTCACATAGTTCAAACATTCTTTAGGTTGAGCAGGTTGGAAAAACTTTTTTTAGAATATGGAAAATAATATTTTGAAGGCATTTGAGGCCTAGAGGGTAAAACTGAATATCCCCAGATAAAAACTAGAAAGAAGTTATCTGATAA","+","","CP068268_39050443_39150442.fa_CP068268_39050443_39150442"
"5",823,994,172,"ACTGATTTACGATGTGTGGATTCATCTCACAGAGTTAAAACTTTCTTTTGATTCAGCATGTTGGAAAGTACCTTTTTAGAGAATCTGTGTAGGAACATTTGGAAACCCAGTGATGCCTACTGGGAAAAACCAAATATTGCCAGATAAAACATAGGAAGAAGCTATCTGTGAA","+","","CP068268_39050443_39150442.fa_CP068268_39050443_39150442"
"6",995,1166,172,"ACAGCTTTGTGATGTGTGGATGCATCTTACAGAATTAAACCTTTCTTTTGATTCAGGAGGTTGGAAACACTGTTTTGGAGAATCTGTGAGGGGACATTTTTGAGCCCATCGAGGCCTATGGGGAAAAACTGAATATCCTGAGGGAAAAAACTAGAAAGAAGCTATCTGTGAA","+","","CP068268_39050443_39150442.fa_CP068268_39050443_39150442"
"7",1204,1371,168,"ATCTGTGATGTGTGGATTCATTTAAGAGAGTTAAACCATTGTTTTGTTTCAGCACGTGGTAAACCCTCTTTTTGGAGAATATAAGAAAGGGTATTTAAGAGCCCACTGAGTCCTATAGGGAAAAACAAAATATCCCCAGATAAAAACTATAAAAAAGCCATAAGTAAA","+","","CP068268_39050443_39150442.fa_CP068268_39050443_39150442"
"8",1372,1542,171,"ACTGCTTTGTGACGTGTGCATTTATCTAACAGTGTTAAGCCTTTTTTTTATTCAGCAGGTTGGAAACAGTCTTTCTGGAGAATCTGTGAATAAACATTTGGAGTACATCAAGGCCTATGAGGAAAAGTGGAATATCCCCAAATAAAAACTAGAAAGAAGCTATCTCTGAAA","+","","CP068268_39050443_39150442.fa_CP068268_39050443_39150442"
"9",1543,1714,172,"ACTGATTTGTGATGTGTGTATTCATCACACAGAGTTACACCTTTCTTTTGATTTGGCATGTAGGAAACACTCTATTTGGATAATCTGTGAAGGGACATTTGGGAGCACGTTGAGGTTTATAGGTAAAAACACTATATCCCAAGATAGAAAGTAGAAAGAAGCTATCTGTGAA","+","","CP068268_39050443_39150442.fa_CP068268_39050443_39150442"
"10",1715,1884,170,"ACTGCCTCATGATGTGTGGATTCCTCTCAGAGAGTTAAACCTTTGTTTTGATTCAGCAGGTTGGAATCACTCTTTCTGCAGAATCTGTGGGGGGACATTTGGGAGCATTGAGGCCTACAGGAAAAAGCTGAATATCCCCAGATAAAAACTAGAAAGAATCTATCTGTTAA","+","","CP068268_39050443_39150442.fa_CP068268_39050443_39150442"
"11",1885,2055,171,"AGTGCTTTGTTATGTGTGGATTTATCTCACAGAGCTAATACTTTCTTTTCATTCATCAGGTTGGAAACACTCTTTTTGTTGAACCTGTGAAGTGATATTTGGGAGCCCATTGTGGATTATAGGGAAAAACAAAATATACCCAGATAAAAATTAGAAAGAAGCGATCTTGAA","+","","CP068268_39050443_39150442.fa_CP068268_39050443_39150442"
"12",2056,2227,172,"ACTTCTTTGTGATGTGTGCATTCATCTCATAGTGTTAAAGCATTCTTTTGCTTCAGCAATTTGGAACACTTTTTTTTTGAGAATCTCTGATGGGACATTTAGGAGCCCACTGACGCCTAGGTTAAAAGCCTAACATACTTAAATAAAAACTAGAAAAAAAGCTATCTGTGAA","+","","CP068268_39050443_39150442.fa_CP068268_39050443_39150442"
"13",2228,2398,171,"ACTGCTTTGTGATGTGTGGATTATTCTCACAGAGTTATAACTTCCTTTGATTCAACAGGGTGGAAACACACCTTTCAGAGAATCTGCTAAGTGACATTTGGAAGCCCATCGAACCCTATAGGGAAATATCAAATATCCCTAGATAAAAACTAGAAAGAAGCTATCTGTGAA","+","","CP068268_39050443_39150442.fa_CP068268_39050443_39150442"
"14",2399,2567,169,"AGTCCTTCATGATGTGTGGGTTCATCTCAAAGAATTAAAGCTTTTTTTAAATTTAGTAGCTTGGAAACACTCTTGGAGAATCTGCTAAGGGACATTTTGGAGCCCATTGAGGCCTATGGAGAAAAGCTGAATATCCCCAGATCAACACTAGAAAGTAGCTATCCATGAA","+","","CP068268_39050443_39150442.fa_CP068268_39050443_39150442"
"15",2568,2739,172,"ACTGCATAGTGATTTGTGGATTCATCTCATAGAGTTAAAACTTTCTTTTGATTTAGCAGGTTGGAAACACTCTTTTTGGAGAATCTGTGAAGAGATATTTGGGATCCCGTTGAAACCTAAAGGGAGAAAAGGAGTATACCCAGATAAAAACTAGATATAAGCTATCTGTGAA","+","","CP068268_39050443_39150442.fa_CP068268_39050443_39150442"
"16",2740,2911,172,"ACTTCCTTGTGATGTGCGGATTCATCCCACAGAGATAGACCTTTCTATTGATTCAGTAGTTGGGAAACATTGTTTTTACAGATTCTACGGAGAGACATTTGGGAGCCCTTGGTGGCCTAAATGGAAAAACCAACAATCCCCAGATAAAAACTAGTAAGAAGCTATGTGTGTA","+","","CP068268_39050443_39150442.fa_CP068268_39050443_39150442"
"17",2912,3082,171,"ACTATTTTGTGAAGTGGGGATTCATCTCAAACAGTTAAACCTTTGTTTTTATTCAGTACTTTGGAAACATTCTTTTTGGAGAATCAGTGAAGGGACATTTTGGAGCCCATTGAGTCCTTTGGGGTAAAACTGAATATCCTCAGAAAAAAATAGTAAGAAGCTCTCTCTGAA","+","","CP068268_39050443_39150442.fa_CP068268_39050443_39150442"
"18",3083,3255,173,"ACTGCTTTGTAATGTGCAGATTCATCTCACAGAGATAAAACTCTTTTTTTGTTTCAGCAGGTTGGAAACCCTCTTTTTGGAGAATATTTAAACGCACATTTGAGAGTCCATTTATGTGTTTAAGAAAAAACTGTATATCCCCAGAAAAAAAGCTAGAAAGAAGATATATATGA","+","","CP068268_39050443_39150442.fa_CP068268_39050443_39150442"
"19",3256,3423,168,"ACTTTCCTTGTATTGACTCATTTCAAAGAGTTACTCTTTTTCTTTGATTCAGCACGTTGGAAACACTCCTTTTGGAGAATCTGTGAAGAGACATTTGGGAACCCATTGAGACGTATGGTGAAAGAGAAAATTTCTCGAGATGAAAAGTAGAAATAAGCAATCTGTGAA","+","","CP068268_39050443_39150442.fa_CP068268_39050443_39150442"
"20",3424,3594,171,"ACTGCTTTGTGATGTGTATGTTCATCTCACAGAAATAAAACTTTCTTTTGATTTAGCATTTTGGAAACACTTTTTTGGAGAATCTGTGAAGGTACATTTTGGAGCCCATGGAGTCCTGTGGGGAAAAACCAAATATCCACAGATAAAAGCTAGAAAGAAGCTATGTGTGAA","+","","CP068268_39050443_39150442.fa_CP068268_39050443_39150442"
"21",3595,3764,170,"ACAACTTTGTGATGTGTGGATTTATCTCACAGAATTCAACCTTTCTTTTGATTCAGCAGTTGGAAACACTGTTTTTGGAGATTATGTGAATGGACATTTTGTAGCTGACTGAAGTATATGCGTAAAAATTGGATAACCCCAGATAAAAACTAGAAAGACATATATGTAAT","+","","CP068268_39050443_39150442.fa_CP068268_39050443_39150442"
"22",3765,3933,169,"ATTGCTTTGTGATGTGTATATTCATCTCACAGAGTTAATATTTTTTTACTCAGCTGGTTGAAAACAATCTTTTTGGAGAATCTGTGAAGGAACATTTGGGAGCCTATTAAAGACTATGGATGATAACCAAATATTCCCAGATAGAAAATAAAAAGAAGCTATCTTTGAA","+","","CP068268_39050443_39150442.fa_CP068268_39050443_39150442"
"23",3934,4093,160,"ATTGATGTGATATGTGGATTCATCTCAAAGAGTCAAACTTTTCTTTTGATTCAGCAGGCTGAAAACCCTCTTTTTGTAGAACTATGAAGGGACATTTGTGAAGCCTCTGGAGAAAAACTGAATATCCCCAGATAAAAACCAGAAAGAAGTCATTCGTGAA","+","","CP068268_39050443_39150442.fa_CP068268_39050443_39150442"
"24",4094,4265,172,"ATTGCTTTGTGATGTGTGCATTCCTCTTACACAGTTAAACCTTTGTTTTGATTCAGGAGATTTGAAACATTCTTTTTGGAGAAACTGCGAAGGGACATATGGGAGCCCATTGAGGACTCTGCAGAAAAACCAAGTGACCCCAGAGATAACCTAGAAAGTAGCTATCTGTGAA","+","","CP068268_39050443_39150442.fa_CP068268_39050443_39150442"
"25",4266,4436,171,"ACTGCTTTGAGATGTGTGGATTCATCTCACAGAGTTTAACTTTTCTTTTGATTCAGCAGTTTGGAAACATATTTTTGGAGAATTTGCAAACGGACCTTTGAAAGCCCATTGATGCCTATGGGGAAAAACTGAATATTCCCAGATAAAAACTAAAAAGAAGTTATCTGTGAA","+","","CP068268_39050443_39150442.fa_CP068268_39050443_39150442"
"26",4437,4603,167,"ACTTCTTTGTGATGTGTGGATTCATCTCACAGAGCTAAACATTTTTTTTGATTCACCACATTGGAAATGCTTTTTCTGAAGAATCTGCAAAGGGACATTTGGGAGCCAATTTAGGCCAATGGGGAAAAAAATCCGCAGATAAAAACTAGAAAGAAGCTATCTGTGAA","+","","CP068268_39050443_39150442.fa_CP068268_39050443_39150442"
"27",4604,4772,169,"ACGATTTGTGATGTGTGGATTTCTCTCATACAAGTAAAACTGCCTTTTAATACATCAGGTTGGAAACACTGTTTTTGGATATTCTGTGAAGAGACATGTAAGAGCCCATTGAGGCCTATGGGGAAAAACCGATTATCCAGATAAAAACTGGAATGAAGCTATCTGTGAA","+","","CP068268_39050443_39150442.fa_CP068268_39050443_39150442"
"28",4773,4955,183,"ACTGCTCTCTGAGGTGTAAATTCATCTCACATTGTTGAAACATTTTTTTAATTTCATAGGTAGGAAATTAAATTTCCATATCCATTTTGGAAAATCTGTGACAGGACATTTGGGAACCCATTTGGGCCTCTGGGTAGAAACCAAATATCTGCAGACAAAAAATAGAAGGAAGCTATCTGTAAA","+","","CP068268_39050443_39150442.fa_CP068268_39050443_39150442"
"29",4956,5127,172,"ACTGCCTTGTGATGTGTACATTCAACTCCCAGAGTTAAAACTTTCTTTTTATTCAGCAGGTAAGAAACACTATTTTTGGAGAATCTACAAAGGACATTTTGGAGCCCATTGAGGCAAATGGTGAAAAACTGAGAATCCTAAGATAAAAATTTAAAGAAGCTATCTATGAAAG","+","","CP068268_39050443_39150442.fa_CP068268_39050443_39150442"
"30",5128,5298,171,"CTCTTTGTGATGTGTGAATTCATCATACAGAATACAACATTTCTTTTGATTCAGCACGTTGGAAGCACATCATTTTGGAGAATCTGTGAATGGACTTTTAAGAGCCCATTGAGGCCTATGGGGAAAAGCGAAATATCCCCAGATAAAAACTAGAAAGAAGCTATCTGTGAA","+","","CP068268_39050443_39150442.fa_CP068268_39050443_39150442"
"31",5299,5471,173,"ACTACTTTCTGATGTGTCAATTCATCTCACAGATTTAACCCTTTCTTTTGACTCAGGAGGTTGGAAACACATCTATTTGGAGAATCTGTAAAGGGACACTTGAAAGCCCATTGAGGCCTTTGGGGAAAAAGTGAAAATCCCCAGATAAATACTAGAAAGAAGCTATCTGTGAA","+","","CP068268_39050443_39150442.fa_CP068268_39050443_39150442"
"32",5472,5646,175,"ACTTCTTTGTGAAGTGTGGATTCATCTCACAGTTTCAAAAATTCCTTTTGGTTCAGCAGGTTGGAAACACTCTTTTTGAAGTATGTGCGAAGGGTCATTTGAAAGCCCATTGAGGGCTATGGGGAACAATGAATATTACCAGATGGAAATTAGAAAGAACCTATGTGTGAAACTT","+","","CP068268_39050443_39150442.fa_CP068268_39050443_39150442"
"33",5647,5822,176,"ATGTGATGTGATGTGTGGATTCACATCATAGAGTTAAAACTTTCTTATGATTCACCTGGTTGGAAACACTCATTTTGGCGAATCTGTGAAGGGACATTTAAAAGCCCATTGAGGCCTATGGGGAAAAACAGAATGTCTCCAGATAAAAAAAATAGAAAGAAGATATCTGTGAAAAT","+","","CP068268_39050443_39150442.fa_CP068268_39050443_39150442"
"34",5823,5991,169,"ATTTTGTGATGTGTGGATTCATCTTACAGAGATAAACCAATTCCTTTGATTCAGCAGGTTAAAGACACTCTTTTTAGTGAATCTGTGATGGAATATTTGGGAGCCCATTGAGGCTTACAGGGAAAAATCTAATATCCCAAGATAGAAACTCAAAGAAGCTACGTGAGAA","+","","CP068268_39050443_39150442.fa_CP068268_39050443_39150442"
"35",5992,6159,168,"ACTGATATGGTGTGTGGATTCATCTCACAGAGTTAAAACATTCTTTTGATTCAGCAAATTGGAAGCACTCTTTTTGGAGAATCTGCAATAGGAAACTTTGGAGCCCATTGAGGGCTATGGGGAACAGCCGAATATCCACAGATAAAAACTAGAAAGAATCTATCTGAA","+","","CP068268_39050443_39150442.fa_CP068268_39050443_39150442"
"36",6160,6332,173,"ACTGCTTTGCGATTTGTGGAAACATCTTTCAGATTTAAAATTTTCTTTTGATTCAACAGGATGGAAACATTTCTTTTTGGAGGATCTGAGAAGGGACATTTGGGAGCCCATTGAGGCCTATGGGAAAAAATTGAATATCCCCAGCTAAAAACTAGAAAGAAGCTACCTCTGAA","+","","CP068268_39050443_39150442.fa_CP068268_39050443_39150442"
"37",6333,6498,166,"ACAACTTTGTGATGTGTGGACTCTTATCACAGAGTTAAAACAGTCTTGTGACTCAGCAGTTGGAAATATTCTTTTTGGAGAATCTGTGAAGGGATATTTAGGAGCTCATGGAGGACTATGGGAAAAAAAATCCCCAGGTAAAAATTAGAAAGAAGCTATCTGTGAA","+","","CP068268_39050443_39150442.fa_CP068268_39050443_39150442"
"38",6499,6672,174,"ACTGCTTTTCAGTGATTTGTGGATACATCTCATAGAGTTAAAACTTTCTTTTGATTCAGCAGGATGTAAACACTCTTCAGAAAATCTGCAAAGGAATATTTTGCAGCCCATTGAGGCCTAGGGCAAAAAAAACGAATATATCCTGATAAACACTCCAAAGAAGCTAGCTGTGAA","+","","CP068268_39050443_39150442.fa_CP068268_39050443_39150442"
"39",6673,6843,171,"ACTATTTTGTGATGTGTGGATTTAGCTCAGATAGCTAAACCATGCTTTTGAATCAGCAGGTTGGAAACACTTTTTGGAGTATCTACGAAGGGACATTTGGGAGCCCATTTTGGCCTATGGAAAAAAACCCGAATATCCCCAGATAAAATCTACAAAGAAACTATCTGTGAA","+","","CP068268_39050443_39150442.fa_CP068268_39050443_39150442"
"40",6844,7015,172,"ACTGTTTTGTGTTGCATGCATTCATCTCACAGAGTTAAACGTTACTTTTGACTCAGCTAGTTGAAAACACTCCTTTTAGAGAATCTGTGAAAAAATATTTGGGAGCCCATTGAGGCCTATGTGGAAAAATAGAATATCCTAAGGTAGAAAATTGAAAGAAGCTATGTGTGAA","+","","CP068268_39050443_39150442.fa_CP068268_39050443_39150442"
"41",7016,7183,168,"ACTGATGCGACGTGTGGATTCATTTCACAGAGTTAAGCCTTTCTTTTGGTTCAGCAGGTTGGAAACACTTTTTGGAAAATTTGTGAATGGACAATTGGCAACCCATTGAGGTCTATGGGACAAAACAAAGTATACCCAGATAAAAACTAGAAAGAAATTATCTGTGAA","+","","CP068268_39050443_39150442.fa_CP068268_39050443_39150442"
"42",7184,7356,173,"ATTTCTTTGTGATGGGTGGATGCATCTTACAGTGTTAATCCCTTCTTTTCATTCAGCAGGTTTGAAACACATCTTTTTGGAGAACATGCAAAGAAATATTTGGGAGCCCAATTAGGTCTATGGGACAAAACTGAATACTCCCAGAGAAAAACTAGAAAGAAGCTATCTGTGAA","+","","CP068268_39050443_39150442.fa_CP068268_39050443_39150442"
"43",7357,7502,146,"ACTGCTTTTTGATGTGTGGATTCATCTCAGAGAGTTAAGACTTTTTTTTGATTCAGGAAGTTGAAAACACTGTTTTTGGAGAATCTGTGAATGGACATTTTGGACCCCTTTGTTGCCTATGTGGAAAAATACAATATGTGATGTTT","+","","CP068268_39050443_39150442.fa_CP068268_39050443_39150442"
"44",7503,7656,154,"GGATTCATGTCAGAGAATTAAATCTTCCTTTAGACTCAGTTGGTTGGGAACATTGTCTTTGCAAAATGTGTGAAGGAAAATTTTGGATCCCATTGAGGCCTATGGGGAAAAATGGAATATCCACAGATAAAAACTAGAAAGAACTATTTGTGAA","+","","CP068268_39050443_39150442.fa_CP068268_39050443_39150442"
"45",7657,7826,170,"ACTGCTTTGTGAAGTTTGGGTTGATCTCTTTGAGATAAACATTTCTTTTGATTCAGCAGGTTGAAAACTCTTTTTGGAGAATCTGCAAATAGACATTTTGGAACACCTTGTAGCCTATGGGGAAAAACCAAATATCCTCATAAAAAAACTAGAAAGACGCTAACTGTGAA","+","","CP068268_39050443_39150442.fa_CP068268_39050443_39150442"
"46",7827,7988,162,"ACTACTTTATAATGTGTACATTCATCTCACAGAGTTAAAGCTTTTATTGATTCAGAAGGTTAGAAACATTCTTTTTGGAGAATCTGTTAAGGGACATTTAGGAGCCAATATAACCTACAGTGAAAAGCTGAATATTCCCAGATCACCATAGCTATCCGTGAA","+","","CP068268_39050443_39150442.fa_CP068268_39050443_39150442"
"47",7989,8159,171,"AGTGCTTTATGAGGTGTGGACTCATCTCTCAGAATTAAAACTTTCTTTTGATTCAGCAGGTTGGAAACACTGTTTTAGGAGAAACTGTGAAGGGACATTTGGGAGTTCATTTAGGCCCATGGGAAAAACTGAGTATCCCCAGATAAAAAGTAGAAAGAAACAATCTGTGGA","+","","CP068268_39050443_39150442.fa_CP068268_39050443_39150442"
"48",8160,8331,172,"ACTCTTTTGTGATGTGTGGATTCATCTCACCAAGTTAAAATTTCCCTTTGATTCAACAGGTTGGAAACATATTTTTTTGAAGAATCTGAGAATAGATATTTGGGAGTTTATTTAGGCTTATGTGAAAAACCCAATATCACCAGGTACAAACAAGAAAGATGCCATCGGTGAA","+","","CP068268_39050443_39150442.fa_CP068268_39050443_39150442"
"49",8332,8503,172,"ACTGCTTTGTGATGTGTGGATTCATCTCGCAGAGTTAAACATTTCTTTTGATACTGCAGGTTGGAAACAGTCTTTGTGGAAAATCTGTGATGGGACATTTAAGAGCCCTTTTAGGTCTATGGGGCAAAACGGAATATCCCCAGATAAAAACTAGGAAGAAGCTATTTGTGAA","+","","CP068268_39050443_39150442.fa_CP068268_39050443_39150442"
"50",8504,8653,150,"ACTGCTTAGAGATATGTGGATTCATCTCACAGAATTTACCCTTTCTTTTGACTCAGGAGGTTAGAAACACTTCTATTTGGAGAATCTGCAAAGGGACATTTGAAAAGCCATTGAGGCCTATGGGGAAATACTGAAAATGTTTTGTGATAT","+","","CP068268_39050443_39150442.fa_CP068268_39050443_39150442"
"51",8654,8809,156,"GTGGATTCATCTCACAGAGTTAAACCTTTCCTTTGATTCAGCAGGTTGGAGACACTTTTTTGAGAATATATGAAGGGATATTTGGGAGCCCATTTTAGCCTATGGAAGGAAAACGAATATGCCCAGAAAAAAAACTACAAAGAAGCTATCTGTGTA","+","","CP068268_39050443_39150442.fa_CP068268_39050443_39150442"
"52",8810,8981,172,"ACTGCTTGGTGATCTGTGAATTTATCTCTCAGAGTTAAACCTTTCTTTTGATTCAACAGATTGGAAACATTCTTTTGGTAATATTTGTGAAGGAACATTTGGGAGCCCATTGAGGCCTATAAGGAGAAGCCGAATATTTTCAGATAAAAACTGGAAAGAAACCACCTTTAAA","+","","CP068268_39050443_39150442.fa_CP068268_39050443_39150442"
"53",8982,9155,174,"ACTGCTTTGTGATGTGCGGATTCAGCTCACAGAATTAAAACTTTCTATTGATTCAGCAGGTTGGAAACACTTTATTCATAGAATCTGTGAAATGATATTTTTGAGTCTAATGAAGCCTAATGGAAAAAAAACTGAATTTTCTCAGATAAAAACTTGAAAGAAGCTATCTGTGAA","+","","CP068268_39050443_39150442.fa_CP068268_39050443_39150442"
"54",9156,9328,173,"ACTACTTTGTGATGTGTGGATTCATCTCAGAGAGTTAAACCATTCTTTTGACTTAGCAGGTTGGAAACCCTTTTTGGAGAATATACGAAGGGATATTTTTGAACCCATTGTAACCTATGGAAAAAAAAAACAATTATCCCCAGATAAAAACTAGAAAGAATCTATCTGTGAAG","+","","CP068268_39050443_39150442.fa_CP068268_39050443_39150442"
"55",9329,9500,172,"CTGATTTATGATGTGTGGATTCATCTCACAGAGTTAAACCATTCTTTTGATTCAGCAGTTTGGAAATACTCTTTTTTGGAGAATCTGTGAGTGGACATTTGGAAGCCCACTGAGGCCTACTTGGAAAAACTGAATATCTCCAGATGAAAACTAGAAAGAAGCCATCTGCAAA","+","","CP068268_39050443_39150442.fa_CP068268_39050443_39150442"
"56",9501,9670,170,"ACTTGTTTGTGATGTGTGGATTCGTCTCACAGAGCTAAACCTTGCTTTTGATTCAGCATGTTGGAAACACTCTTTGTGGAGAATCTACAAAGGGACATATGGGAGGACTTTGAGGACTATGGGGAAAATCAATATCCCCAGAAAAAAACTGAAAAGAAGCCATCTGTTAA","+","","CP068268_39050443_39150442.fa_CP068268_39050443_39150442"
"57",9671,9841,171,"ACTGCTTTGTGATGTGTGGATTAACCTCACGGTATTAAATGTGTCTTTTTATTCTGCAGGTTTGAAACATGCTTCTTCTAGAATCTACAAAGTGACATATGGGAACTCATAGGGCCTATATCGAAAAAATGAATATCCTCAGATAAAAACAAGAAAGAAGGTCTCTGTGAA","+","","CP068268_39050443_39150442.fa_CP068268_39050443_39150442"
"58",9842,9976,135,"ACTGCTTTATGATGTGTGGATTCTTTTCACAGACTTAAAATTTTCTTCTGTTCAGGAGGTTGTAGTAGCCCATTGAGGCCTATGTTGAAAAACAGAATATCCCCAGATAAAACTAGAAAGAAGACATCTGTGAAT","+","","CP068268_39050443_39150442.fa_CP068268_39050443_39150442"
"59",9977,10147,171,"CTTCTTTGTGATGTGTGGATTCATCTTACAGAGTTAAACCTTTGTTTTGATTTAGCAGGTTGGAAACACTCTTTTTGGAGAATCTGAAAAGGTACAGTTGGGAACTCATAGTTGACTACAAGGATAGATCAAATATCCTCAGATAAAAATTAGAAAGAAGCTATCTGTGAA","+","","CP068268_39050443_39150442.fa_CP068268_39050443_39150442"
"60",10148,10317,170,"ATTGCTTGGTAATGTGTGGATTCATCTTGCAAAGTTAAATATTATTTTTAACTCAGCAGGTTGGAAAGACTCTTTTTGTAGAACATGCAAAGGAACATGAGGGAGCCCACTGAGGCTTAGAGGAAAAATAGAATACCCCCAGAGAAAACTAGAAGGAAGCTATCTGTGAA","+","","CP068268_39050443_39150442.fa_CP068268_39050443_39150442"
"61",10318,10488,171,"ATTGGTTTGTGATGTCTGGATTCATCTCACAGAGTTAAAACTTTCTTTTGAATCAGCAGGTTGGAGACACTATTTTACTAGAATCTCAAAGGTACACTTGGAATCTCATTGAGGCCTATGGGGAAAAACAGAATATCCCCAGAGAAAAAGTAGAAAGAGATTATCTGAGAA","+","","CP068268_39050443_39150442.fa_CP068268_39050443_39150442"
"62",10489,10660,172,"ACTGCTTTGTGATGTGTAGATGTATCACACAGAATTAAATATTTCATTTCATTCAACAAGTTGGAAAGGCTCTTTCTGGAGAATCTGAGAAGGGACATTTTGGAGCCCTTTGAGATCTATGGGGAAAAACTGAATATCCCCAGATATAAACTAGAAACAAGCTGTCTGTGAA","+","","CP068268_39050443_39150442.fa_CP068268_39050443_39150442"
"63",10661,10831,171,"ACTTTCTTGTGATGTGTGGATTCATCTTACAGAATTAAACCTTTCTATGATTTAGCAGGTTAGAAACATTCTTGTTGGAACATCAGCAAAAGGACAGTTTGTAGCCCATTGAGGCCTATGAGGAAAAACCAAATATCCCCAGATAAACACTAGAACGAAGCTATCTGTGAA","+","","CP068268_39050443_39150442.fa_CP068268_39050443_39150442"
"64",10832,11000,169,"AGTGCTTTGTGATGTGTGGATTCATCTCACAGACTTAAGACTTTCTTTTGATTCAACAGTTTGGAAATACTCTTCGGAGAATATGCGAAGGGACAGTTAGGAGCCCATTGAGGTCTATGAGAAAAAAGCAAATATCCCTGGTAAAACCTATAAAGAAATTATCTGTGAA","+","","CP068268_39050443_39150442.fa_CP068268_39050443_39150442"
"65",11001,11171,171,"ATGGCTTTGTGATGTGTGGATTCATCTAACAGAATTAAACTTTTCTTTTGATTCAGCAGGTTGGAAATACTGTTTTTGGAAAATCTGTGAAGGGACATTTGGGAGCCCATTGAGGCCTATGGGGAAAACTGAATATCTCCAGATAAAAACTAGAAAGAAGCTATCTTTGAA","+","","CP068268_39050443_39150442.fa_CP068268_39050443_39150442"
"66",11172,11339,168,"ACTGGTTTGTCATGGGAAGATTCATCTCAGAGGGTTACCCTTTCTTTCGATTCAGCAGGTTGGATATGCTTTTTTAGAGAATCTGCAAAAGATGTTTTCAATCCCATTGAGGCCTGTTGGAAAAATCGAATACCCCTAGATGAAAACTAGAGAGTACCTATCTGTGCA","+","","CP068268_39050443_39150442.fa_CP068268_39050443_39150442"
"67",11340,11510,171,"ACTCATTTGTGATGTGTGGATTCATCACACAGACGTAAAACTTTGTTTTGATTCAGGAGGTTGGAAACAGACATTTTGAAGAATCTGCAAGGAAACTTTTGGGAGTCATTGAGGCTTATGAGTAAAAAGTGAATATCCCTAGATAAAAAATAACAACAAGCTACCAGTGAA","+","","CP068268_39050443_39150442.fa_CP068268_39050443_39150442"
"68",11511,11687,177,"ACTGGTTTGTGTTGTTTGGATTCATCTCATAGATTTAAATCTTTCTTGTGATTCAGCTAGTTGGAAACACTTTTTTTTTTTTTGGATAATTATTGAAGGGATATTTGGGAGCCCTTTGAGTCCCATGAGGTAAAACAGAATATCCCCAGGTAGAAACTAGAAAGCATCTATCTGGGA","+","","CP068268_39050443_39150442.fa_CP068268_39050443_39150442"
"69",11688,11859,172,"ACTGCTCTGTGATGTGTGGATTTATCTCACAGAGTTCAAACTTTCTTTTCATCAAGCAGGTTGGAAACTCTTATTTTGCAGAATCTTCTAAGGGGTAATTTGGAGCCTGTCGTGGCCTATATGTAAAAACCGAATATTTCCAGATGAAAAATACAAAGGAACAATCTGAGAA","+","","CP068268_39050443_39150442.fa_CP068268_39050443_39150442"
"70",11860,12030,171,"ACTGCTTTGTTATGTGTGGATTCATCTCACAGAGTTAAATCTTTCTTTTGATTCCTCAAGTTGAAAACTCTCTTTTGGAGAATTTGCAAAGGGACACATGTGATCTCATTAAGGCTGATGGGTAAAAACCAAATATCACCAGATTAATAAAAGAAAGAAGCTATCTGTGAA","+","","CP068268_39050443_39150442.fa_CP068268_39050443_39150442"
"71",12031,12201,171,"ACTGCTTTGAGCTGTGTGGATTCATCTCTCATAATTAAACCTTTCTTTTGATTCAGCAGGTTGGAAACACTTTTTTGGAGAGTTTGCAAAAAGACATTTGGGAGATGATTAAATCCTATAAGTTAAAATCGAATACCCCCAGATGAAAACTAGAACAAAGGTATCTGTGAA","+","","CP068268_39050443_39150442.fa_CP068268_39050443_39150442"
"72",12202,12372,171,"ACTTCTTTGAATGTGTGGATTCCTCTCAAAAGAGTTAAACCTTTGTTTTGATCCAGCAGATTGGAAACATAATTTTTGTAGAATCTGTGAAGGGACATTCGGGAGCCCATTGACATCTATAATTAAAAACAAATATCCCCAGATAAAAACTAGAAAAAAGCTATCTGTGAA","+","","CP068268_39050443_39150442.fa_CP068268_39050443_39150442"
"73",12373,12543,171,"ACTGCTTTCTGATGTGTTGATTCGTCTCACAGATTTAAATTTTCTTTTGATTCAGCAGGTTGGAATCACTCTTTTTGGAGAATCTGCGAAGGGACATTTGAGACTCCATTGAGGCCTATGGGGAAAAATCAAATATTTACAGGTAAAACCTAGAAAGAATCTGTCTGTGAA","+","","CP068268_39050443_39150442.fa_CP068268_39050443_39150442"
