"","start","end","width","seq","strand","class","region.name"
"1",168,339,172,"ACCACTTTGTGGTGTATGCATTCATCTTGCAGGGTTAATCTTTTCTTTGGATTTGGGAGGTTGGAAACACTGTTTTTGTAGAATCTGTGAAGGCACATTTGGGAGCTCACTGTGGCCAATGGCGAAAAAATGAATATCCCAGGACAAAAACCTAAAGGAAGCTATCTGAGAA","+","","CP068268_39050443_39150442.fa_CP068268_39050443_39150442"
"2",340,510,171,"ACCACTTTGTGATGTGTGCATTCATCTCACTGAGTTAAACCTTACTATGATTCAGCAGCTTGGAAACACTGTTTTTGTAGAATCTGCAAAAGAACATTTGGGAGAGCATTGAGGCCTATCATGAGAAAGGAAATATATTCAGATAAAAACTGTAAAGAAGATTTCTGAGAA","+","","CP068268_39050443_39150442.fa_CP068268_39050443_39150442"
"3",511,682,172,"ACTGCTTTGTGATGTGTGCCATCATCTCACAATGTTAAACCTCTTTTTTGATCCAGCAGTTTGGAAACACCGTTTTCATAGAATCTGCGAATGGACATTTGGGAGCTCATTGAGGCCAATGGTGAAAAAGCCAATGTCCCAAGATAAAAACTGGAAAGCAGTTGCCTGAAAA","+","","CP068268_39050443_39150442.fa_CP068268_39050443_39150442"
"4",683,853,171,"ACCGCTTTGTGATGTGTGCATTCAACCTGCAGAGTTAAAACTATCTTTTGATTTAGTATGTTGGAAGCAGTGTTTTTGTAGAATCTGCAAAAGGACATTTGGGAACTCATTGGGCCAATGGTGAAAATGCCAATATAACAAGATAAAAACTAGAAGGAAGCTATCTGAGAA","+","","CP068268_39050443_39150442.fa_CP068268_39050443_39150442"
"5",854,1023,170,"ACCACTTTGTGATGTGTGCATTCAACTCAGAGTTAAATCTATCTTTTGATTCAGCAGTTTGGAATCAATATTTTTGTAGAATTTGCGAATGCACCTTTGGGAGATCATTCAGGCCAAAGGTGAAAAAGCCAATATCCCAAGATAAAAACTAGATGGAAGCTATGTGAGAA","+","","CP068268_39050443_39150442.fa_CP068268_39050443_39150442"
"6",1024,1193,170,"ACCACTTTGTGATGTGTGCATTCAACCTGCAGAGCTAAATCTTTCTATTGATTCTGCAGTTTGGAAACTGTTTTTCTAGAATCTGTGAAAAGACATTTTGGAGTGCTCTGAGGCCTATGGTGAAAAAGAAAATATCTTCAGATAAAAACTAGAAATAAGCCATCTGACAT","+","","CP068268_39050443_39150442.fa_CP068268_39050443_39150442"
"7",1194,1367,174,"ACTGGTTTGTGATGTGTGCATTCATCTCACAGACTTGAACCTTTCTTTTCATTCAGTAGTTTGGAAACACAGTTTTAGTAGAATCTGGGAAAGGACATTTGGGAGCACATTGAGGCCTAAGCTGAAAAAGTAAATATCTTCTGATGAAAACCAGAAAGAAGCTTTATGCGAAAG","+","","CP068268_39050443_39150442.fa_CP068268_39050443_39150442"
"8",1368,1537,170,"CGCTTTTTGGTGTGTGCATTAATCTCACTGTGTTAAACCTTTCTTTTGATGCAGCAGTTTGGAAACACTGTTTGCATTCATTCTGTGAAAGGACTTTTGGAAGCTCATGTAAGTCAATGGTGAAAAAGTGAATATCTGAAGATAAAAACTAGAAGGAATATATCTGAGAA","+","","CP068268_39050443_39150442.fa_CP068268_39050443_39150442"
"9",1538,1709,172,"ACCACTTTGTGATGTGTGCATTCATCTCACAGAGCTAAAACTTTCTATTGATTCAGCAGTTTGGAAACACTGTTTTTGTAGAATCTGTGAAAAGACATTTGAGAACCATTTGAGGCCTATGGTGAAAAAGAAAATATCTTCATATAAAAACTAGGAAGATGCTTTCTGACAA","+","","CP068268_39050443_39150442.fa_CP068268_39050443_39150442"
"10",1710,1881,172,"ACTACTTTGTGATGTGTGCATTCATCTCAAAGAGTTAAACCTTTCTTTTGATACAATAGTTTGGTAACACTGTTTTTGTTTAATCTGGGAAAAGACATTTGGGAGTGCATTGAGGCATATGATGAAAAAGAAAATATCTTAAGATAAAAACTGGAAAGAAGTTTTCTGAGAA","+","","CP068268_39050443_39150442.fa_CP068268_39050443_39150442"
"11",1882,2055,174,"ACTGCTTTGTGATGTGTGCATTCATCTCACAAAGGTAAAACTTTCTTTTGATTGAGCAGTTTGGAAACACTGTTTTTGTACAATCTGTGATTGGACATTTGGGAGCTAATTGAAGCCAATGATGAAAGAGCATATACCTCAAGATAAAAACAAAAAGGAAGCTATCTGTGAAAC","+","","CP068268_39050443_39150442.fa_CP068268_39050443_39150442"
"12",2056,2224,169,"CTTTTTGAAATGTATGCATTCATCTCACAGATTTAAACCATACTTTTGATTCAGCAGTTTGGAAACACTGTATTGTAGATTCTGTGAAAGGACATTTTGGAGAGCATTGAGGCCTGAGGTAAAAAAGGAAATATCTTCAGATAAAAACTACAAAGAAGCTTTCCGAGAA","+","","CP068268_39050443_39150442.fa_CP068268_39050443_39150442"
"13",2347,2514,168,"ACTGCTTTGTGTTGTGTGCATCTCACGAAGTTAAACCTTTCTTTTGATTCAGCAGTTTAGAAACACTGTTTTTGTACATTTTGTGAGTGTTCATTTGGGGGCTCATTGAGGTCTACGGTGAAAAATAAAATACCTTCAGATAAAAACTAAAAAGAACCTTTCTGAGAA","+","","CP068268_39050443_39150442.fa_CP068268_39050443_39150442"
"14",2515,2685,171,"ACTGCTCTGTAATGTGTGCATTCATCTCACAGAGTTAAACCTTATCTTGATTCAGCAATTTAGAGACACTGTTTATGTACTTTCAACGAATGGACAGTTGGCAGCTCACTGAGGCCAATGATGAAAAAGAAAATATATTCGGATAAAAACTACAAAGAAGCTTTCTGAGAA","+","","CP068268_39050443_39150442.fa_CP068268_39050443_39150442"
"15",2686,2856,171,"ACTGCTTTGTGATGTGAGCATTCATCTCACAGAGTTAAAGCTTTCTTTTGATTCAGCAATTTGGAAACACTGTTTTTTACATTATGTGAAAGGACACTTGAAAGTGCATTGAGGCCTATGGTGAAAAATAATATATCTTCAGATAAACACTAGAAAGAATCTTTCTGAGAA","+","","CP068268_39050443_39150442.fa_CP068268_39050443_39150442"
"16",2857,3026,170,"ATGTTTTTGATGCATGCATTCATTTCATAGAGTTAAAACTTTCTTTTGATTCAGCAGTTTGGAAATAATGTTTATGTACATTCTGCCAATGGACATTTGGGAACTCATTGAGGCCTGTGGTGAAAAATCATACATCCCAAGATAAAAACTAGAGGGAAGCTATCTGAGAA","+","","CP068268_39050443_39150442.fa_CP068268_39050443_39150442"
"17",3027,3198,172,"ACCACTTTGTGATGTGTGCATTCATCTCACAGAAATAAACCTTTCTTTTCATTTAGCAGTTTGGAAACACTGTTTTTATAGATTCTGTGAAAAGACATTTTGGAGCACAATTAAGACTATGGTGAAAAAGAAATTATCTTCAGATAAAAACTGGAAAGAGTCTTTCTGAGAA","+","","CP068268_39050443_39150442.fa_CP068268_39050443_39150442"
"18",3199,3367,169,"ACTGCTTTGTGATGTGTGCAGTTATCTCACAGAGTTATTCATTTGATTTAGCAGTTTGGAAACACCATTTTTTTTGCATTCTGGGAATGGACATTTGCGAGCTTATTGAGGCCTATAGTGAAGGCGAAAATATCTTCAGATAAAAACTAGAAAGAAGCTTTCTGATAGG","+","","CP068268_39050443_39150442.fa_CP068268_39050443_39150442"
"19",3368,3535,168,"CTGCTTTGTGATGTCTGCTTTCATCTCACAGAGTGAATCCTTTCTTTTCATTCAGTGGTTTGGAAACACTGTCTTTGTATAGTCTGTGAAAGGCCATTTGAGAGCTCATTGGGGCCAAAGGCAAATAAGTGAATATCCCAGCATAAAAACTAAAAGGAAGCTATGTGA","+","","CP068268_39050443_39150442.fa_CP068268_39050443_39150442"
