"","start","end","width","seq","strand","class","region.name"
"1",38,208,171,"ACTGCTTTGGGATGTGTGGATTCATCTGACAGAATTAAACCCTTCTTTAGATTTCAGAAGTTGGAAACACTCTATTTGGAGAATCTGTGAAAGGACATTTGAGAGCTTATTGCTGCCTGGGGGAAAAACCCAATATCCTTAGATAAAAACTAGAAAAAAGGCTTCTGTGAA","+","","CP068268_39050443_39150442.fa_CP068268_39050443_39150442"
"2",209,381,173,"ACTACTTTGTGATGTGTGGAAACTTCTCACGGAGTTAAACCTTTCCTTTCATTCAGCAAGTTGGAAACATTCTTTCTGGAGAATCTGCAAAGGGACGTTTTGGCACCCATTAAGGCCTATGGGGGAAAACAGATTATCCCCCAATAAAAACTGCAAAGGAGCTATCTGTGAAT","+","","CP068268_39050443_39150442.fa_CP068268_39050443_39150442"
"3",382,563,182,"CTGCTTTGTGATGTGTGGTATCATCTCATAGAGTTAAACCTTTGTTTTGATTCACCATGTTCAAAACATTCTTTTTGGAGAATCTGTGAAGGGACATTTGGGAGCCCATGGAGGCCTATGGAGAATTACTGAATAAGCCCCAACAACAACAAAAAAAAAATAGAAAAAAAGAAATCTATGAA","+","","CP068268_39050443_39150442.fa_CP068268_39050443_39150442"
"4",564,737,174,"ACTGCTTTGTGTTGTTTGGATTATTCTCACAGATAAAACCATTCTTCTGATTCGGCAGTTTGGAAAAACTGTTTTTGTATAATCTGTGAAGAAAAATATGTGAGCAAATTGAGGCCTAAAGGGAAAAATTGAATATCCCCTGATAAAATCTGGAATGAAGCTATCTGTGAAAAC","+","","CP068268_39050443_39150442.fa_CP068268_39050443_39150442"
"5",738,912,175,"ATTTTGTGATATGTGGATTTATCTGACATAGTTAAAACTTTCTTTTGATTCAGCAGGGTTGGAAACACTCTAACTGGGGAATCTGTGAAGAGACATTTGGGAGCTCTTTGATGCCTATAGGGATAAACTGAATACCCAAGGAAAAAAAGAAAACTAGAAAGAAGCTAACTGTGAA","+","","CP068268_39050443_39150442.fa_CP068268_39050443_39150442"
"6",913,1084,172,"ACTGCTTTTTGAGGTATGGATTCATCTCACAGAGTTGAAACTTTCTTTTGATTCAGCACATTGGAAAAACTTTTTTTTGGAGAATCAGTGAAGAGACATTTGGGAGCCCATTGAGCCTCTGGGGAGAAACAAAATATCCCCAGCTAAAAATTAGAAGGAAGCTATCTATGAA","+","","CP068268_39050443_39150442.fa_CP068268_39050443_39150442"
"7",1085,1256,172,"ACTGCTTTGTGATGTGTGGATTCATCTCACAGATTTAAACCTGTGTTTTGAATCAGCAGATTGAAAACACTCTTTTTGAAGAATCTGTGAAGGGACATTTGGGAGCTCATTGAGGCCAATGGAAAAAAACTGAATGTCTCTGGATAAATACTAGAAATAAGCTATCTGTGAA","+","","CP068268_39050443_39150442.fa_CP068268_39050443_39150442"
"8",1257,1430,174,"ACTGCTTTGTGAGGTGTGGATCCATCTCACAGAGTTAAACCTTTTTTGTTAATCCAGCATTTTGGAAACACTCCTTTTGGAGAACCTGTGAAGCAACATTTGGGAGCCCATTGAGAAATATGGGAGGAAAAACGAATATCCTCAGACAAAAACTAGAAAGAAGCTATCTGTGGA","+","","CP068268_39050443_39150442.fa_CP068268_39050443_39150442"
"9",1431,1602,172,"AGTTCTTTGTGATGTGTAGATTCACCTCACAGAGTCAAACCTTTCTTTTGATTCAGCAGGTTGGAAAACTCTTTTTAGAGAATCTGTGAAGGGACACTTGGAGCCCATTGAGTCCTATGGGAAAAAAACAGAATATGCCCAGATAAAAACTAGAAAGAGGGTATCTGTGAAG","+","","CP068268_39050443_39150442.fa_CP068268_39050443_39150442"
"10",1603,1772,170,"CTGCTTTGCGATGGGTGGATTCATCTCCGAAGGTTAAACCTTTCTTTTGATTCATCAGGTTGGAAACACTCTTTTTCGAGAAACTGAGAAGTGACACTTGGGAGCCTTTGAGTACTATGGGAAAAAACCCAATATCACCAGATAAAAACTAGAAAGAAGCAATCTGTGAA","+","","CP068268_39050443_39150442.fa_CP068268_39050443_39150442"
"11",1773,1943,171,"ACTGCCTTGTGATGTGTGAATTCATGTCAGAGAGTTAGCTCTTTCTTTTTTTCAGCAGGTTGGAAACACTCTTTTTAGAGAATCTGTGAAGGGACATTTGGGAGCCCATTGAGGCCAAAGGGGAAAAACAGAATACTTTAAGATTAAAACTACAAAGAAGCTATCTGCAAA","+","","CP068268_39050443_39150442.fa_CP068268_39050443_39150442"
"12",1944,2121,178,"ACTGCTTTGCGATGTGTGGATCATCGCACGTGGTTTAATCTTTTATTATTATAATTATTCAACAGGTTGGAAACCCTCATTTTGGAGAATCTGCAGAGAAATATTTGACTGCCCATTGAGGCCAATGGGGTAAAACAAAATATCCCTAGGTAAAAACTAGAAAGAAGGCATCTGTGAA","+","","CP068268_39050443_39150442.fa_CP068268_39050443_39150442"
"13",2122,2291,170,"ACTGCTTTGCGATGTGTTGATTCATCTCACAGAGTTAAAATATTTTTTGATTCAGTAGGTTGGAAACACTCTTTTTGGAGAATCTGCAAAGCTATATTTGGGAGCCATTGAGGCCTATGGGAAAAAACTGAATATCTCCAGATAAAAACTAGAAAGAAGCTATCTGTGTA","+","","CP068268_39050443_39150442.fa_CP068268_39050443_39150442"
"14",2292,2461,170,"ACTGTTTTGTGATGGGTGGATTCATCTCACAGAGTCAAAACTTTTTGTTGATTCAGCAGGTTGAAAGGACTGTTTTTAGAGAATCTGTGTAGGGACATTTGGGAGACCATTGAGATCTATGGAAAGAACGAATATCCCCAGGTGAAAACTAGAAAGAAGTTATTTGTGAA","+","","CP068268_39050443_39150442.fa_CP068268_39050443_39150442"
"15",2462,2633,172,"ACTGCTTTGTGATGTGTGGATTAATCTGCAATAGTAAAGCCTTTCTTTTCATTCAGGAGGTTGGAAACAGTCATTTTGGGGAATCTGTGAAGGGACACTTGGGAGCCCATTGAGGCCTATGGGGAAAAAAGGAATATCCCCAGATAAAAACTACAAAGAAGCAATCTGTGAA","+","","CP068268_39050443_39150442.fa_CP068268_39050443_39150442"
"16",2634,2801,168,"ACTGCTTTGTGATGTGTGGATTCAGCTCAGAGATTTAAACTTTCTTTTGATTCAGCAGGTTGCAGATCTTCTTTTTATAGAATATACAAAGGTCAATTTAGGGGCCCTTTGAGGCCTATGGGGAAAAACAGATTATCCCCAGATAGAAAGAGAAGAATCTACCATGAA","+","","CP068268_39050443_39150442.fa_CP068268_39050443_39150442"
"17",2802,2972,171,"ACTGCATTGTGATTTGTAGACTCACCTCACAGAGTTAAGCCTTTCTTTTATGCAGAAAGTGCCAAGCCCTTTTTTTGGAGAATCAACGAAGAAATATTTAGGACCCCATTGAGGCCTATGGGGAGAAACAGAATATCCCCAGATAGAAACAAGGGAGAAGCAATCAGTGAA","+","","CP068268_39050443_39150442.fa_CP068268_39050443_39150442"
"18",2973,3143,171,"ACTGCCTCATGATGTGTGCATTCATTTCTCAGAATTAAACTTTTCTTTGGCTTCAGCATGTTGGAAACACTGTTTTGTAGAATCTGCGAAGGGACTTTTGAGAGCCCAGTGAGACCTATGGGGAAAAATTGAATATCCCCATGTGAAAATGACAAGGAACCTAGCTGTAAA","+","","CP068268_39050443_39150442.fa_CP068268_39050443_39150442"
"19",3144,3314,171,"ACTGCTTTGTGATGTGTGTATTCATCTCATAGAGATAAAAGCTTCTTTTGATTCAGCAGGTTGGAAACTTTTTTTTTGAAGAATCTGCAAAGGGACATTTGGGAGCCCATTGAGGTCTATTTGATAAAGCTGAATATTCCCAGATAAAACTAGAAAGAAGTTGTCTGTGAA","+","","CP068268_39050443_39150442.fa_CP068268_39050443_39150442"
"20",3315,3486,172,"ACTGCTTTCTGATGTGTGGATTCATCTCACAGAGTTAAACCTTTCTTGTGATTCAGCAGGTCAGAAACTCTCTAATTGGAGAATCTCTGAAGGGGCATTCTGGTGCACATTGGGTCCTATGGGGAAAAATCGAATATCCCCAGATAAAAACTAGAAAAAAGCTACCTGTGAA","+","","CP068268_39050443_39150442.fa_CP068268_39050443_39150442"
"21",3487,3660,174,"ACTGCTTTGTGATGCCTGGATTCACTTCACAGAGCTAAACCATTTTTTTGTCTCTGCAAGTTGGAAACACTTCTTTTGGAGAATCTGCAAAGGGTTATTTGCAAGCCCATTGAGGGCTATGGGGAAAAACAAAATATCCCCAGATAAAAACTAGAAAAAAATCTATCTTTTACT","+","","CP068268_39050443_39150442.fa_CP068268_39050443_39150442"
"22",3661,3830,170,"CTGCTTTGTGATGTGTTGATTCATTTCACAGAGGTAAACTTTTACCTTGATTCTGCAAGTTGGAAACACTCTTTATAGAATCTGTGAAGGTCCATTTGGAAGCACATTGAGGCCTATGGAGAAAAACTGAATATCTCAAGATTAAAAACTAGAAAACAGCTTTTTGTGAC","+","","CP068268_39050443_39150442.fa_CP068268_39050443_39150442"
"23",3831,4002,172,"ACTGCTTTGTGATTTGTGGTTTCATCTCACAGAGTTCACCCTCTCTTTTGTTTCAGCAACTTGGAGGCACTCTTTTTGTAAAATCTACAGAGGGACATTTTGGAGCCCATTAAGGCCTATGGGAAATAATTGAATGTCCCAAGAAAAAAACTAGGAAAAAGTTACCTGTGAA","+","","CP068268_39050443_39150442.fa_CP068268_39050443_39150442"
"24",4003,4173,171,"ACTGCTTTGTTATGTGTTGATTCATCTCATAGACTTAAACCTATGTCCTGATTCACCAGATTGGAAACATTCTTTATGGAGAATCTACGAAGGGCCATTTGGGAGCCCACTGAGGCTGATGGGGAAAGACTGAATACACCAGATAAAAACTAGAAGGAAGCTATCTGTGAG","+","","CP068268_39050443_39150442.fa_CP068268_39050443_39150442"
"25",4174,4343,170,"ACTGCTTTGTGATGTGTGGATTCTTCTCACAGACTTAAAACTTATTTTCATTCATCAGGTTGGAAACACTCTTTTTGGAGAATATGCAAAGAAACATTTTGGAGCCCGTTGAGGCCTTGGGGAAAAACTGAATATATCCAGATAAAAACTAGAAAGAAGCTATCTGTGAA","+","","CP068268_39050443_39150442.fa_CP068268_39050443_39150442"
"26",4344,4513,170,"ACTATTTTGTGATGTGGGGATCCATCTCACAGAATTAAACTTTCTTTTGGTTTAGCAGTTTGGAAACACTCTTTTTGTAGAATCTGTGAAGAAACATTTTTGGTCAAATTGAGGCCTAAGGGGAAATACAAATTATCCCCAGATAAAAACAACAAGAAGCTAACTGAGAA","+","","CP068268_39050443_39150442.fa_CP068268_39050443_39150442"
"27",4514,4685,172,"ACTGCTTTGTTTTGTGTGGATTCATCTCATGGAATTAAACCTTTCTTTGGATTCACCAGTTTATAAACACTTTTTTTGGAGAATCTGTGAGGAGATATTTGGGAGCCCATGGAGGCATATGGAGGAAAACTAAACATTCCCAGATAAAAACTAGAAAGAAGCTATATGTGAA","+","","CP068268_39050443_39150442.fa_CP068268_39050443_39150442"
"28",4686,4858,173,"ACTGGTTTGTTATGTGTTGATTCATTTCACAGAGATAAACCTTTATTTTGATTCAGCACATCAGAAACATGTTTTTTGAAGAATCTGCAAAGGGACTTTTGTGAGCAAATTGAGGCCAATCAGGAAAAACAAAATATCCCCAAATAAGAACTTGAAAAATATCTATGTGTCAA","+","","CP068268_39050443_39150442.fa_CP068268_39050443_39150442"
"29",4859,5032,174,"ACTGACTTGTAATGTGTGGATTCATCTCAGAGTGTTAAACCTTTGACTTGATTCAGCAGGTTAGAAAAACTCTTTTTGGAGAATATCCAAAGGGACATTTGGCAGCCAATTGAGGCCTATGGTAAAAAAATGAATAATCAATGATTAAAAACTAGAAAGAAGCTATCTCTGAAT","+","","CP068268_39050443_39150442.fa_CP068268_39050443_39150442"
"30",5033,5203,171,"CTGCATTGTGATGTGTGGATTCATCTCACAGAATTAAACCTTTCTTTTGATTCAGCATGTTGGAAACATTATTTTTGTAGAATCTGTGAAGAAACATTTGAGAGCAAATTGAGGCCTAAGGGGAAAAATGAAATATTCCCAGATAAAAATTACAAAGAAGCTATCTGAGAA","+","","CP068268_39050443_39150442.fa_CP068268_39050443_39150442"
"31",5204,5375,172,"ACTGCTTCATTACGGGTGGATTCATTGCAAAGAATTAAACCTTTCTTTAGATTCAGCAGGTCATAAACACTCTTCTTGGAAAATCTGCAAAGGGACATTTTAAAGCCCATGGACACCTTTGTGGAAAAATATAATGTCCCCAGATAAAAATTAGAAAGAAGCTATCTGTGAA","+","","CP068268_39050443_39150442.fa_CP068268_39050443_39150442"
"32",5376,5547,172,"ACTCCTTTGTTATATATGAATTCATCTCACAGAGGTAAAACTGTATTTTGATACATCAGGTTGGAAACACTCTTTTTGGAGAATCTGTGAACTGACATTTTGGAGGCCATTGAGGCCTATGGGGAAACACGAAATACCCCCAGATGAAAACTAGAAAGAAGCTATCTGTGAA","+","","CP068268_39050443_39150442.fa_CP068268_39050443_39150442"
"33",5548,5719,172,"ACTGCCTTGTGGTGTGTGCATTCAGCTCACAAAGTTAAAAGTTTCTATTGATTCAGCAGGTTTTAAACATTCTTTTTAGAGAATCTGTAAAAGGATATTTCAGAGCTCATTTAGACCTATGGAGAAATACCAAATAAATCAAGATAAAAATTAGAAAGAAGCCCTCTGTGAA","+","","CP068268_39050443_39150442.fa_CP068268_39050443_39150442"
"34",5720,5894,175,"ACTGCTTTGTGATGTGTGGATTGATCCCACAGAGTTAAACTTTTCTTTTGATCCAGCAGGTTGAAAGCACACCTTTTGTAGAATCTGCAAATGAACATTTGGCTGCCTGTTGAGGCCTATGAGAAGAAAGTAAATATCCTCAGATGAAAACAGGAAGGAAGCTCTCTGTGAAACA","+","","CP068268_39050443_39150442.fa_CP068268_39050443_39150442"
"35",5895,6060,166,"ACTGATATGTGTGGATTCATCTCACAGAGTTAAACTTTGTTTTGATTCAGCAGGTTGGGAACAATGTTTTTGGTGAACCTGCGAATGGAAATTTCAGAGCCCACTGAGGTCTATAATTAAAAATCTAATCTCTCGAGATAAAAGCTAGAATGAAGGTATCCATGAA","+","","CP068268_39050443_39150442.fa_CP068268_39050443_39150442"
"36",6061,6229,169,"ACTGATTTTTGATCTGGGGATCCCTGTTACAGAGATAAAACTTTCTTTTGATTCAGCAGGTGGAACACTCTTTTTAGACAATCTGCAAAGGGACATTTGGGAGTTCATTGAGACCTATGGGGAAAAACGAAATACCCCACATAAAAACTAGAAAGTCGCTATATGTGAA","+","","CP068268_39050443_39150442.fa_CP068268_39050443_39150442"
"37",6230,6402,173,"ACAGTTTTGTGACATGTGGACTCATCTCAGAGATTTAAACCATTCTTTTGATCCAGCAGGTTGGAAACACTCTTTCTGTAGAATTGGAGAAAAGACATTTTGGTGCTCATTGGGGCCTTTGGGAAAAAAACTGAATATCCCCAGGTAGAAACTGGAAAGAAGCTCTCTGTGAA","+","","CP068268_39050443_39150442.fa_CP068268_39050443_39150442"
"38",6403,6574,172,"ACTACTTTGTGTGGCCTGGATTCATCTCACAGAGTTAAAAATTCCTTTTGATCCAACAGGTTGGAAACACTCTATTTAAAGAATCCGCCAAGGGACATTTTAGAGCCCATTTAGGCCTATGAAGAAAAACAGAATATATGCAGATAAAAACTAGAAAGAAACTATCTGTGAA","+","","CP068268_39050443_39150442.fa_CP068268_39050443_39150442"
"39",6575,6746,172,"ACTGCTTTGTGATGTGAAGATTCTTCTCACAGAGGGAAAACTTTATTTTTATTCCACAAGTTGGAAACACTCTTTTTGTAGAACATGCAAGGAAACATTTGGGATTCCATAGATGCTTATGGGAATAAACTGAATATTTCCAGATAAAAACTAGAAACAACCTAAATGTGAA","+","","CP068268_39050443_39150442.fa_CP068268_39050443_39150442"
"40",6747,6920,174,"ACTGCTTGGTAATGGTTCAATTCATCTCACAAAGTTAAACTTTGTTTTGATTCAGCAGGTTGGAAACACTGTTTTGGAGAATGTGTGAAGGGACATTTGGGAAACCATTGAAGGCTATGGGGAAAACAAATTATCCACACATAAAAGCTACAAACAAGATATCTTACCTGTGAA","+","","CP068268_39050443_39150442.fa_CP068268_39050443_39150442"
"41",6921,7092,172,"ACTGCTTTGTGATGTGTGAATTCAACTCACAAAGTTAAACCTTTCCTTTCATTCAGCAGGTTGGAAACACTCTTTTTCAAAAATACATAAAGGGACATTTGGGAGCCCATTGAGTCCTGTGAGGAAAAACTGAATATCCCCATATAAAAACTGCAAAGACGTTATCTATGAA","+","","CP068268_39050443_39150442.fa_CP068268_39050443_39150442"
"42",7093,7262,170,"ACTGCTTTGGGATGTGTGAATTCATCTCACAGACTTAAACCCTTCTTCTGATTCAGCAGGTTGAAAATACTCTTTTCAAAGAATATGCAAAAAGACATTTGGGAGCCCATGAGGCCTAAGGAAAAAAAAGGAATATTTTTTAGGGAAAAAATTGAAAAAATATCTGTGCA","+","","CP068268_39050443_39150442.fa_CP068268_39050443_39150442"
"43",7263,7433,171,"ACTGCTTTGTGATGTGTGGCTTCATCTCCCACAGTTAAGCTATTCTTTTGATTCAGTAATGTGGAAACACTCTATTTGAAGTATCTGTGAAGGGACATTTGGAAGCCCATTGAGGACTATGAGTAAAACTGAATATTCCAAGATAAACACTAGAAAGAAACTATCTGTCAA","+","","CP068268_39050443_39150442.fa_CP068268_39050443_39150442"
"44",7434,7605,172,"ACTGCTTTGTGATGTGTGGATTCATCTCACAGAGTTAAACATTTATTTTGATAAAGCAGGTTAGAAATAGTGTTTTTGGAGTAACTATGAAGAGACTTTTGGGAGCCCTTTGGGATCTATGGGGATAAATCGAATATCCCCAGAGAAAAACTGGAAAGAAGGTATCTGTAAA","+","","CP068268_39050443_39150442.fa_CP068268_39050443_39150442"
"45",7606,7775,170,"ACTGCTTTGTGATGTATGGATTCATCTAACAGAGATAAACCTTTCTTTTGATACACTAGTTTGGAAATATATTTTTGTAGAATGTGTGGATTGACACTTTGGAGCCGATTAAGGCCTATAAATAAAAATTGATAACCCACAAGAAAAACTAAACAGAAGCTATCTTTGAA","+","","CP068268_39050443_39150442.fa_CP068268_39050443_39150442"
"46",7808,7969,162,"AGTTAAAGATTTCTTTTGATCCAGTTAAACCACCCTTCTGATTCAGGAGGCTGGAAATGCTTTTGTTGGAGTATCTGCAAAGGGACATTTGGAAGCCCATTGAGTCCTATAAGTGAAAACTGAATATCCCCAGATACAAACTAGAGAGAAGATATCTGTGAA","+","","CP068268_39050443_39150442.fa_CP068268_39050443_39150442"
"47",7970,8140,171,"ATTGTTTTGTGATGTGTGAATTCATCTCAAATAGTTAAACCTTTCTTTTGATCCAGCAGGTTGAAAACACTCTTTTTGAGAATCTGACAAGGGACATTTGTGAGCCCATTGAGGACTATGGGGAAAAACTGGATATCCCCAGAGAAAAACTAGAAAGAAGCTATCTGTGAT","+","","CP068268_39050443_39150442.fa_CP068268_39050443_39150442"
"48",8141,8311,171,"ACTTCTTTGTGATGTATGGATTCATTTCACATAATTAAATATCTCTGTTCATTCAACAGATTAGAAACAATCATTTGTAGAATCTGCAAAGAGATATTTGGGAGCCAACTGATGCCTATAAGTAAAAACTGAATATTCCCAGATAAAACCTAGAAAGAAGCTATCAGTGAA","+","","CP068268_39050443_39150442.fa_CP068268_39050443_39150442"
