"","start","end","width","seq","strand","class","region.name"
"1",1,158,158,"ACTACCTTGTGATGTGTGGAATCATCTCACAGAGTTAAACCACCCTTTTTATTGAGCAGGTTGGAAACACTTTTTGGAGAATATACAAAGGGACATTGGGAGCCCATTGTGGCCTATGGAAAAAAACACTAATATTCCTGGATAAAAACTAGAAAGAA","-","","CP068268_39050443_39150442.fa_CP068268_39050443_39150442"
"2",159,328,170,"AGTGCTTTGTCATGTGTGGATTTATCTGAAGTTAAAACTTTCTTTTGATTCACCAGGTTGGAAACACTCTTTGTGGAAAATCTGTGAAGGGACATTAGGGAGCGCTTTTAGGCCTATGGGGCGAAACCGAAATATCCCCAGATAAAAACTAGGAAGAAGTTATCTGTGAA","-","","CP068268_39050443_39150442.fa_CP068268_39050443_39150442"
"3",329,498,170,"AGTGAGGTGATGTGTGGATTCATTTCATAGAGCAAAACCCTTCTTTTGATTCAGCAGGTTGGAAACACTCTTTTTTAGAAAATCTGCAAAGCGACATTTGGGATCCCATTGAGGCCTATGGGGAAAATCTGAATATCCCAGATAAAAACTTGAAGGAAGCTATCTGTGAA","-","","CP068268_39050443_39150442.fa_CP068268_39050443_39150442"
"4",499,668,170,"ACTGCTTTGTAATGTGTGGATTCATCTTACCAAGTTAAAACTTTCTTTTCATTCAGCAGGTTGAAACACTCTTTTTAGAGAATCTATGAAGGAACATTTGGGAGCCCTTTGAGGCCTATGGAGAAAAACTGAATATCCCAACATGGAAACTCAAAGAAGCTATGTGTGAA","-","","CP068268_39050443_39150442.fa_CP068268_39050443_39150442"
"5",669,827,159,"ATATATGTATTTATTTCACAGTTAAACCATTCTTTTGACTCAGCAGGTTGGAAACACTCTTTTAGGAGAATATGCTAAGGGACACTTGGGAGCCCATTTAGGCCTATGTGGAAAAGCCAAATACCCCCAGATATAAACTAGAAAGAAGCTACCTGTGAA","-","","CP068268_39050443_39150442.fa_CP068268_39050443_39150442"
"6",828,983,156,"ACTGCTTTGTGATATGTGGATTCATCTCACAGAGTTGAACCTTTCCTTTGATTCAGCAGGTTGAAAACACTCTTTTTAGAGGATCTGCAAAGAAACATTTGGGAGCCCTTTGAGGCCTATGGGGATAAATCTAATATCCCATGTGAAACTGATGTG","-","","CP068268_39050443_39150442.fa_CP068268_39050443_39150442"
"7",984,1156,173,"AATACTTTGTTATGTGTGGATTCATCTCAGAGAGTTAAACCACTCTTTTGATTCAGTATGTTGGAAACACTTTTTGGAGAATATGCAAAGGGACAATTTGGAGCCCATTGTGGCCTATGGGGAAAAAAAACTAATATCACTGGATAAAAACTAAAAAGAAAGCTATCTGTGAA","-","","CP068268_39050443_39150442.fa_CP068268_39050443_39150442"
"8",1157,1330,174,"AGTGCTTTGTGATGTGTGGATTTATCTTGCAGGGTTAAACCTTTCTTCCGTTTCACCACGTTGGAAACACTCTTTGTGGAAAATCTGTGAAGGGACATTTGGGAGTGCTTTAAGGCCTATGGAGCAAAACCGAAATAACCCGAGATTAAAAACTAAGAAGAAGCTATCTGTGAA","-","","CP068268_39050443_39150442.fa_CP068268_39050443_39150442"
"9",1331,1499,169,"AGTGATGTGAGGTGTGTATTCATTTTACAGAGTAAAACCATTCTTTTGATTCAGCAGGTTGGAAACACTCTTTTTGGAGGATCTGTGAAGGGACATTTGGGATTCCATTGAGGCCTTTTGGGAAAAACTGAATATCACAGATACAAACTTGAAAGAATCTATCTGTGAA","-","","CP068268_39050443_39150442.fa_CP068268_39050443_39150442"
"10",1500,1671,172,"ACTGCTTTGTGATGTGTGGATTCATCTTACAGAGTTAAACCTGTCCTGTGATTCAGCAAGTTGAAAACACTCTTTTTAGAGAATCTACAAAGGAATATTTGGGAGCCCTTTGAGGCCTATGGAGAAAAACTGAATATCCCAAGATAGAAACTCAAAAGAAGCTATATGTGAA","-","","CP068268_39050443_39150442.fa_CP068268_39050443_39150442"
"11",1672,1853,182,"ACTCCCTTGTGAGTTGTGTGAGGTGTGGGTTCATCTCTCAGAATTAAAACTTTATTTTGATTAAGCAGGGTTAGAAACACTCATTTAGGAGAATCTGCAAAGGGATATATTGAAACCCATTGAGGCCTATGGAGAAAAACCAAATTACACCAGTGAAACAATAGAAAGAATCTATCTGTGAA","-","","CP068268_39050443_39150442.fa_CP068268_39050443_39150442"
"12",1854,2025,172,"ACTGCTTTGTGATATGTGGATTCATCTTACAGAGTTAAAACTTTCTTTTGATTCAGAAAGTTAGAAACATTCTTTTGGTAGAATCTGCAAAGGGACTTTTGGGAGTTGTTTGAGGCCTATATGGAAAGGCTGAATATTCTGAGATCAAAACTAGAACATAGGTCTTCATGAA","-","","CP068268_39050443_39150442.fa_CP068268_39050443_39150442"
"13",2026,2197,172,"ACTGCTTTGTGATGTGTGGATTCATGTCACAGGGTTTAACATTTATTTTGATTCAGCAGATTGGAACCACTCTTTCTGGAGAATCTGCAAATGGACATTTGGGAGCCCCTTGAGGCCTATGAGTAAAAACCGAATATCCCCATATAAAAACTAGAAAGAAACTATCTGTGAA","-","","CP068268_39050443_39150442.fa_CP068268_39050443_39150442"
"14",2198,2369,172,"CCTGCTTTGTGATACATGGATTCATCTCACAGAGATAAACCTTTCTTTAGATTAAGCAGGTTGAAAACACTCTTTTTGGATAATGTGTGAAGGAACACTTGGGAGCCCATTGAGGCCTATGGGTAAAAATGAAATATCCACAGAAAACAACTAGAAAGAAGCTATTTTTGAA","-","","CP068268_39050443_39150442.fa_CP068268_39050443_39150442"
"15",2370,2534,165,"ACTGTTGTGACGTGTGGATTCAGGTCACAGAGTTAAACCATTCTTTTGATTCAGCAGGTGGGAAACACTCTTTTTGGAGAATCTGTGGATGGACTTTTCAGAGCCCATTATCACCTATGGGGAAAACCAAATATCTCCAGATAAAAACCAGAAAGAAACTGTTAA","-","","CP068268_39050443_39150442.fa_CP068268_39050443_39150442"
"16",2535,2705,171,"ACTGCTTGAAATATGTGGATTCATGTCACAGAGATAAACGTTTCTCTTGATGCGGCAGGTTGAAAACACTCCTTTTGCAGAATCTATGAATGAACATTTGGGAGCCCATTGAGGTGTATGGGGAAAAACTGGATATCCTAAGATAGAAACTCCAAAGAATTTATGTGGGAA","-","","CP068268_39050443_39150442.fa_CP068268_39050443_39150442"
"17",2706,2877,172,"ACTCTTTTGTGATATGTGGATTCATCTCAAAGAGTTAAAGTATTCTTTTGATTCAGTAGATTGGAAACACTTTTTGGAGAATATGTGAAGGGAAATTTTTGAGCCCATTGTGGCCTAAGGAAAAAAAAATGGAATATCTCCTGAAAAAAACTAGACAGAAGTTCTCTGTGAA","-","","CP068268_39050443_39150442.fa_CP068268_39050443_39150442"
"18",2878,3053,176,"ACTGGATTGTGATGTGTGGTTTCATCTCAGAGAATTAAAACTTTCTTTTGATTCAGCAGGTTGAAAACACTCTTTTCAAAGTATCTCTGAAGGGATATTTTGGAACCCATTGGGACCTAAGGGGGAAAAAAAACGAATATCCCCAGGAAAAAAACTCAAATGAAGCTGTCTGTGGA","-","","CP068268_39050443_39150442.fa_CP068268_39050443_39150442"
"19",3054,3226,173,"CTCTGCTTTGTGATGTGTCGATTCTTCCCACAGAGTTAAAACTTTCTTTCAATTTAGCAGTTTGGAAACACTCTTTGTGGAAAATCTGTGAAGGGACACATGGGAGCCCATTAAGGCCTATAAGAAAAAGTTGAATATCCTTTGATAAAAACTGAAAAGAAACAAACTGTGAA","-","","CP068268_39050443_39150442.fa_CP068268_39050443_39150442"
"20",3227,3397,171,"ACTGCTTTGTGACGTGTGGATTTACCTCCCAGAGGTAAACCTTTCTTTTGTTTCAGCATGTTGGAAACACTCTTTTTGGATAATCTGTGAATGGACATTTGGGAACCCATTGAAGCCTATCGGGAAAAACAGAATAACGCCAGAAAAAAACTAGAACGAAGCTATCTGTGA","-","","CP068268_39050443_39150442.fa_CP068268_39050443_39150442"
