"","start","end","width","seq","strand","class","region.name"
"1",78,249,172,"ATTGATTTGTGATATGTGGATTCATCTCATGGTGTGAAAGTTTTCTTCTTATTCAAAAGGTTGTAAACAATCTTTTTGGAGAATATGTGAAGGAACATTTGGGAGCTCATTGAGGCCTATAAGCAAAATACAAATATCCACAGATATAAAAAAGAAAGAAGCTACCTCTGAA","-","","CP068268_39050443_39150442.fa_CP068268_39050443_39150442"
"2",250,422,173,"ACTGCTTTGTGATGTGTGTATTCATCGCACCAATTTAAAACTTTCTCTAGATTCAGCAGTTTGGAAACACTTTTTTTTTGGAGAATCTGTGAAGAAACATTGGGAGTCCATTGAGGCTTATGCGGAAACACCAAAGATTGCCAGATAGAAACTAGAATGAAGTTATCTGTGAA","-","","CP068268_39050443_39150442.fa_CP068268_39050443_39150442"
"3",423,592,170,"ACTGCTTTGTAATGTGTGGCTATCACACATAATTGAATTTTTCTTTTGATTCAGCAGGTTGGAAACACTCTAATTGTACAATCTGTGAAAAGATATTTGGGAGCTCATTGAAGCCTATGGAGAAACACAAAATATCCTCAGACAAAAACTAGAAAGAAGCTATGTGTGAA","-","","CP068268_39050443_39150442.fa_CP068268_39050443_39150442"
"4",593,769,177,"ACTGCTTTGTCTTGTGTGCATTCATCTTACAGAGTTACATTTTTTTTTTTTTTTTATTTAGCAGGTAAGAAACACTCTTTTTTGAGAATATCTGAAGGGATGTTTGGGAAGCCATTAAGGCCTATGGGGAAAAATTGAATATTCCCAGATAAAAACTGGAAGGAAACTATCTGAGAA","-","","CP068268_39050443_39150442.fa_CP068268_39050443_39150442"
"5",770,940,171,"ACTGCTTTGTATCTGTATATTCATCTCACAGAGTTAAACCATTCTTTTGATTCCTCAGTTTAGAAACACTGTTTTAGGAGAATCTGCAAAAAGACATTTGTGAGCCCATTGAAGAATATGGGGAAAAACAGAATATCCCCAGAAAAATACTGGAAAGAAGCTATCTGTGAA","-","","CP068268_39050443_39150442.fa_CP068268_39050443_39150442"
"6",941,1111,171,"ACAGCTTTGTGATGGCTGGATTTATCTCACAGAGTTAAACCCTCTTTTGATTCCACAGGTTGGAAACACTCTTTTTGGAGAATCTGTGAAGCAACGTTTGGGAGCCCATTGTGACCTAACAGGGAAGACTGAATATCCGAAGATAAAAACTACAAGAAAGCTGTCTGTGAA","-","","CP068268_39050443_39150442.fa_CP068268_39050443_39150442"
"7",1418,1588,171,"ACTGCTTTGTAAAGTGGATTCATCTCACAGAGATAAACATTTCATTTAATTCAGCAGGATGGAAACACTCTTTTTGGAGAATCTGTGAAGGGACATCTGAAATCTCAGTGAAGCCTACGGGGAAACCTGAATATCCGAAGATGAAAACTAGAAAAAAGGGCCAGGCGTGGA","-","","CP068268_39050443_39150442.fa_CP068268_39050443_39150442"
"8",1589,1758,170,"ACTACATTTTGACGTATAGACTCATGTGACAGAATTCAAGTTTTCCTTTGGTTCAGCTGTTTGGAAACACTCTTTATGCAGAACATCGAAGGGACATTTGGGAGCCCATTGAGGTCTATGGGGAAAAAATTAATATTGCCAGAAAAAAATAGAAATAAGCTATCTGTGAA","-","","CP068268_39050443_39150442.fa_CP068268_39050443_39150442"
"9",1759,1930,172,"ACTGCACTGTGATACATAGATTCATCTCACAGAGTTAAATTTTTCTTTTGATTCAGCAGGTTGGAAACACTGTTTTTGGAGGATCAGCAAAGAGGCATTTATGATCCGTTTGAGGACTATGGCGAAAAACCAAATATTCCCAGATAAAAACTGGAAAGAAGCTCTCTGTGAA","-","","CP068268_39050443_39150442.fa_CP068268_39050443_39150442"
"10",1931,2097,167,"ACTGCTTTGTGTTGAGTGGATTCATGAAAGGTTAAACTTTCATTTAATTCATCAGGTTGGAAACACTCTTTTTGGAGACTCTGCAAAGGGACTTTTAAGTGCCCTTTTACAATATAGGGAAAGACCAAATATAACCAGATAAAAACAAGAAAGAAGCTACCTGGGAA","-","","CP068268_39050443_39150442.fa_CP068268_39050443_39150442"
"11",2098,2269,172,"ACTGCTTTGTGATGTGTGGATAAATCTCATAACATTAAATCATTCTTTTGATCCAGAAGATTGGAAGCACACTTTTTGTAGAATCTTGGAAGGTACATTTAAGAGCCCATGGAGGCCTATTGGTAAAAACGTAATGTCCCAAGATAAAAACTAGAAAGAAGTTATCCATGAA","-","","CP068268_39050443_39150442.fa_CP068268_39050443_39150442"
"12",2270,2443,174,"ACTGCTTCATGATGTGTAAATTCATCTCATAGAGTTCAAACTTTCTTTTGATTTAGTAGGTTGGAAACACACTAGTTGTTGAATCTGCAAAGGGACATTTGGGAGCCCTTTGAGGCCTATGGGTAAAAAGCGAATATCCCCAGATAACAACCTAGAAAATAAACTATCTGTGAA","-","","CP068268_39050443_39150442.fa_CP068268_39050443_39150442"
"13",2444,2615,172,"AATACTTTGTGATGTGTGGATTCCTCTCACAGAGTTAAAACTTTCTTTGGATTCTGCAGATTCAAAACACTCTTTTTCTAGAATCTACTAAGGGATATTTGGGAGACATTTGAGGACTATGAAGAAAAAACAAATATCCCCAGATAAAAACTAGAAGGAAAATATCTGTGAA","-","","CP068268_39050443_39150442.fa_CP068268_39050443_39150442"
"14",2616,2786,171,"ACTACTTTGTGATGTGTGGATGCATCTCTCAAAGTGAAACCTCTTTTGATTCAGCAGGTTGAAAAAACTTTTTTTTGGAGAATCTGTGGAGGAATATTTGGCAGCCCTTTGAGGCCCATGGGTTGAAACCATATATCCCCACCTAAAAACTAGAAAGACACTATCTGTGAA","-","","CP068268_39050443_39150442.fa_CP068268_39050443_39150442"
"15",2787,2958,172,"ACTGCTTTGTGATGTGTGGATTCATCTCACAGTGTTTCACCTTTCTTTTGATTAAGCAGGTTAAAAACACTCTTTTTGTAGAATCTGTGAAGACATATTTGGGAGCTCTTTGAGGCCTATGAAGAAAAACAGAATATACCCAGATAAAAACTAGAAAGAAGCTAACTGTGAA","-","","CP068268_39050443_39150442.fa_CP068268_39050443_39150442"
"16",2959,3129,171,"ACTGTTTTGTGATGTGTGGATTCGTCTCACAAACTTAAACCTTTCTGTTGATTCAGCAGGTTAAAAACACTCTTTTTGGAGTATCTGTGAAGAAACATTTGGGAACTCAATGAGGAGTATGGATAAAAGCCAAATATCCCCAGATAAAAACTAGAAGAAGCTGTCTGTGAA","-","","CP068268_39050443_39150442.fa_CP068268_39050443_39150442"
"17",3130,3300,171,"ACTGTGTTGTAATGTGTGGATGGATCACACAGAGTTAAACATTTCTTTTGTTACAGCAGATTGAAAATAATCTTTTGGAGGACTTGAAAAGGCACCTCTTGGAGCACATTGAGGTCTATTTGGTAAAGCCGAATATCTTCAGATAAAAACTAGAAAGAAGCTATCTGTGAA","-","","CP068268_39050443_39150442.fa_CP068268_39050443_39150442"
"18",3301,3471,171,"ACTGCTTTGTTATGTGTGAACTTGTATTACAGAGTTAAATCTTTCTTTTGATTCAGCAGTTTGGAAACATTCTTTTTGGAGATTTTGTGAAGGGAAATTTGGAATACTATTGAGACCTATTGGGAAAACTGAATATACCCAGATAAAAAGTAGAAAAAAGCTATCTGTTAA","-","","CP068268_39050443_39150442.fa_CP068268_39050443_39150442"
"19",3472,3643,172,"AATGTTTTGTGATGTGTGGTTTCATCTCATAGAGTTATACCTTTCTTTTTATTCAGCAGGTTGGGAACAGTCTTTTTGTATAATCTTCAAAGGGACATTTAGGACCCCATTGAAGCCTATGGGGAAAAACCAAATATCCCTAGATAAAAACCAGAAAGCAGCATTCTGTGAA","-","","CP068268_39050443_39150442.fa_CP068268_39050443_39150442"
"20",3644,3815,172,"ACTACTTTGTGATGTGTGGATTCATCTCACAGAGTTAAAACTTTCTTATGATTCAGCAGGTTAGAAACACTCTAATTGTTGAATGTCCGAAAGGACATTTTGGAGCCCATTGTGGCCAATGTGTAAAACGAGAATATCCCCAGGTAAAAACTAGAAAGAAGCTATCTGTGAA","-","","CP068268_39050443_39150442.fa_CP068268_39050443_39150442"
"21",3816,3988,173,"ACTGCTTTGTGATGTGTAGATTCATCTCACAGAGTTAAACCTTTGTTTTTATTCAACAGGTTTTAAACACTCTTTCTATAGAATCTGTGAAGGGATATTTGGGAGCCTATTGAACCCTATTGGAAAAAAAACAAATATCCACAGATAAAAACTAAAAATAAGCTATCTGTGAA","-","","CP068268_39050443_39150442.fa_CP068268_39050443_39150442"
"22",3989,4157,169,"ACAGCTTTGTGATGTGTGGATTCATATCACCATGAAACTTTCTCTTGTCCCAGCAGGTGGGAAGCACTCTCTTTAGAGAATCTGTGAAGGCACATTTCGGAGCCTTTTGAGGCCTATTAGGAAAAACCAAATAACCCCAGGTAAAAACGAGAAAGAAGTTATTTGTGAA","-","","CP068268_39050443_39150442.fa_CP068268_39050443_39150442"
"23",4158,4331,174,"ACTTCTTTGTGATGTGTGGATTAATCTCAGAGAGTTAAACCTTTCTTTTGATTCGGAAGGTTGGAAATACTCTTCTTTTTGCAGAATCTGTGATGGGACATTTGGGAGCCCATTGAGGCCTATGGGAAAAAAACAAATATCCCGAGACAAAAACTGGAAACATCTCCCTGTGAA","-","","CP068268_39050443_39150442.fa_CP068268_39050443_39150442"
"24",4332,4503,172,"ACTACTTTGTGATGTGTGGATTCATCTCAAAGAGTTAAGCCATTCTGTTGATACATCAGGTTGGAAACACTCTTTTTGTAGAATCTGCAAAGGGATATTTTGGAGCCCTTTGTGTCCTATGGGGAACAATTGAACATCCCCAGATAAAAACGAGAAAAAAGTTGTCTATGAA","-","","CP068268_39050443_39150442.fa_CP068268_39050443_39150442"
"25",4504,4675,172,"ACTGCTTTGTGATAGATGGATTCATCTCACAGAGTTAAAATTTTCTTTTGATTCAGAAGGTGGGAAACATTTCTTTTGGAGAATCTGTGGAGGGACATTTCAGTGCCCATTGAGGTCTCTGGGGAAAAACTGAATATCCCCAGATTAAAAACTAGAAATAAGCATCTGTGAA","-","","CP068268_39050443_39150442.fa_CP068268_39050443_39150442"
"26",4676,4845,170,"ACTCCTTTATGATGTGGATTCACCTCACAGAGTTAAATTTTTCCTTTGCATATGTAGGTTGGAAACTCTCATTTTGGAGAATATGTGAAGGGACGTTTGGAAGTCCTTTGCAGTCTATGGAAAAAACACAATATTCCCACATACAAACTAGAAAAAAATCTATCTGTGAA","-","","CP068268_39050443_39150442.fa_CP068268_39050443_39150442"
"27",4846,5016,171,"AATACTTTGTGACGTGTGGTTTCACCTCACAGACTTAAACCTTTCATTTCTTTCAGCAGGCTGGAAACACTCTTTTTGGAGTATCTGTGAAGGGACATTTTGTAATGTATTGTGGCCTATGAGTAAAACAGAATAACCCCATATAAAAACCAGACAAAAGCTATCTGTGAA","-","","CP068268_39050443_39150442.fa_CP068268_39050443_39150442"
"28",5017,5187,171,"ACTGCTTTGTGATGTGTGGGTGCATCTCACAGAGTTAAGCCTTTCTTTTTATTCAGCAAGTTGGAAAAACTATTTTTGAAGAATCTGAAAAGGGACATTTGGGAGTCTATTGAGGCCTATGGGGTAAAACAAAATATCTACAGAGAAAACAAGAAAGAAGCTATCTGTGAA","-","","CP068268_39050443_39150442.fa_CP068268_39050443_39150442"
"29",5188,5359,172,"ACTGCTTTGCATTGTGTGGATTCATCCAACAGAGTTAAACGTTTCTTTTGATCTAGCAGGTTGAAAACACTCTTTTCATAGAATCTGCAAATAAACATTTGAGAGCCCATTGATGGCTATTGGGAAAACACCAACATCCCAAGATAAAAACTAGAAAGAAGCTATCTATGAA","-","","CP068268_39050443_39150442.fa_CP068268_39050443_39150442"
"30",5360,5531,172,"AATGTTTTGTAATGTGAGATTCATCTCACAGAGTTAAACATTTCTTTTGATTCAACAATTTGTAAACACTATTTTTGTGGAATCTGTGAAGGTACATTTTGGAGCCCATTGAGGCCTATAGGGAAAAACCAAATATCTGCAGATTAAAAACTAGAAAGAAGCTCTCTGTGAA","-","","CP068268_39050443_39150442.fa_CP068268_39050443_39150442"
"31",5532,5703,172,"ACTGATTTGTGATGTGTGGATTCATCTCACAGTGGTAAAGCTTTCGTTTGCCTCAGCAAATTGGAAGCACTCCTTTTGGAGACTCTGCAAAAGGAGATTTGTGAGCCCTTTGAAGCCCATGGGGAAAAATTGAATATCCCCACATAAAAATTAGAAAGAAGCTATCTATGAA","-","","CP068268_39050443_39150442.fa_CP068268_39050443_39150442"
"32",5704,5875,172,"ACTTCTTTGTGATATGTGGATTCATCTCAGAGAGTTAAATCTTTCGTTTGATTTAACATATTGGAAACAGTCCTTTTGGAGACTCTGAGAAGGGACATTTTTGAGCCCATTGAAGCCTATGGGGAAAAATTGAATATCTTTGTATAAAAACTAGAAAGAAGCAATCTGTGAA","-","","CP068268_39050443_39150442.fa_CP068268_39050443_39150442"
"33",5876,6047,172,"TCAGCTTTGTAACGTTTGGATTCATATCACAGAGTTAAACATTTCTTTTGATTCAGCTGGTTGGAAACACTCTTTTTGGAGAACCTGGGAAGGGACATTTGGAAGCCCATTGAGGCTTATGTGGAAAAACTGAACATATACAGAGAAAAAGTAGAAAGAAGTTATCCATGAA","-","","CP068268_39050443_39150442.fa_CP068268_39050443_39150442"
"34",6048,6216,169,"ATTGCTTTTTGATGTGTGGATTCATCTCACAGTGTTAAACCTTTTATTTGACCCAGCAGGTTGGAAACACTTTTGTCGAATCTGCAAAGTGACCTTTTGTAGCTGTTTGTGGCCTATGGGGAAAAACAGAATATCCCCATATAAAAACTAGAAAGAAGCTACCTGTGAA","-","","CP068268_39050443_39150442.fa_CP068268_39050443_39150442"
"35",6217,6388,172,"ATTGCTTTGTGATGTGCAGGTTCATTTCACAGAGTTTAGCCATTCTTTTGATTCAGCATGTGGGAAACACTCTTTTTGTAGAATCTGTGAAGGATCTTTTGGGAGTTTATAGAGGCCTATGGGGAGAAACAAAATATCTTGAGATAAAAATTAGAAACAAGTTATCTGTGAA","-","","CP068268_39050443_39150442.fa_CP068268_39050443_39150442"
"36",6389,6557,169,"ACCCTTTGTGATGTGTGAATTCATCTCACAAAGCTAATCCTGTCTGTTGATTCAGCAGATGGGAAATACCCTTTTTGGAGTATCTGGGAAGGGACATTTTTTAGTCCATTGACATCTATGGGGAAAATAATATAACCAAGATAAAAACTAGAAAGAATCCATCTTTGAA","-","","CP068268_39050443_39150442.fa_CP068268_39050443_39150442"
"37",6558,6729,172,"ACCTCTTCATGATGTGTGGATTGATTTCACAAATTTAAATTTTTCTTTTAATCTAGGAAGTTGGAAACAATCTTTTTGTGGAATCTGCAAAGGGACATTTGGGAGCCCATTGAAGCCTATGGGGAAAAACAAAATATCCTAATATAGAAACTAGAAAAAAGCTTCCTTTGAA","-","","CP068268_39050443_39150442.fa_CP068268_39050443_39150442"
"38",6730,6901,172,"AATTCTCTGGGATGTGTAAAATCATCCCATAGATGAAAACCTTTCTTCTGATTCAGTAAGTTGAAAATACTCTTTTTAAATAATCCATGAAAAGACATTTGGGGGTCCTGTGAGTCCTCTGGAAAAAACCTGAATATCCCCAGATAAAAAGTAGAAAGAAAGTATATGTGAA","-","","CP068268_39050443_39150442.fa_CP068268_39050443_39150442"
"39",6902,7071,170,"ACTGCTTTTTGATATGTGCATTTATCTCACTGAGTTAAAATTTCTTTTGATTCAGGAGGTTGGAAACACTGTTTTTGGAGAATCTGCATAAGGACATTTAGGATCCTATGGAGGCCTATGGGAAAAACCAAATATCTTCAGATAAAAACTAGAAAGAAGCTAGCTGTGAA","-","","CP068268_39050443_39150442.fa_CP068268_39050443_39150442"
"40",7072,7239,168,"ATTGCTTTGTGGTGTGGATTCATCTCACAGAGTTAAAACTTTCTTTTGATTCAGCAGCTTAGAAACACTCTTTTTGGATAATCTGCAAAAGGACATTTGAAAGCCTTGTAGCCTCTGGGGCAAAACCATATATTCCAAGATAAAAACCAGAAAGAAGCTATCTGTGAA","-","","CP068268_39050443_39150442.fa_CP068268_39050443_39150442"
"41",7240,7409,170,"AGACCTTTGTGATAGGTGGATTTATCTCACAGAGTTATAACTTTCTTTTGATTCAGCAAGTTGGAAACTCTTTTTGTAGAATTTGTGAAGGGACAGTTCCCAGGCCATCAAGGCCTATGGGGAAAAACAGATTATCCTCAAATGAAAAGTAGTATGAAGCTATCGGTGAA","-","","CP068268_39050443_39150442.fa_CP068268_39050443_39150442"
"42",7410,7578,169,"ACCCCTTTGTGATGTATGAATTCATCTCACAGAATTAAACCTTTTTTTTGATTCAGCAGTTTGGAAACGCTCTTTTTGGAGAATCTGCAAAAGGACATTTGGGAGCCCTGTGGCCTATGGGGCAAACTGTATATCCCAAGATAAAAAGCAGAAAGAAGCTATCTGTTAA","-","","CP068268_39050443_39150442.fa_CP068268_39050443_39150442"
"43",7579,7752,174,"ACTGCTTTGTGATCTATGCACTCATCTCACAGAGTTAAGCATTTTTTTTTTGGTTCAGCAGGTTGAAAATATGTTTTTTGTAGCATCTGCAAAGGGACATTTGGGAACCCATTGAGGCCTTTGAGGAAGGACCACATATCCTCAAATAAAAACTAGAAAGAAGCTATCTGTGAA","-","","CP068268_39050443_39150442.fa_CP068268_39050443_39150442"
"44",7753,7922,170,"AATGCTTTGTGATGTGTGGATTTATCTCACAGAGTAAACCTTTATTTGTTTCAGCAGGTTGCAAATATTCTCTTTGGATAATCTGTAAAGGAAAATTTGTGAGCCAATTGAGGCCTATGTGGAAAAAGTGAATATTCCTAGATAAAGACTAAAAAGAATCTGTATTTGAA","-","","CP068268_39050443_39150442.fa_CP068268_39050443_39150442"
"45",7923,8094,172,"ACTGCTTTCTGATATGTGGATTAGCCTCAGAGAGTAAAAGTTTTCTTTTGATTCAGCAGGTTGGAAACACTCTTTTTGTACAAATTGTGAAAGGACATTTGGGAGCCCTTTGAGGCCTATGGAGAAAAACCAAATAATCCCATATAAACACTAAAAATAATCTTTCTGTTAA","-","","CP068268_39050443_39150442.fa_CP068268_39050443_39150442"
"46",8095,8278,184,"ATGGCTTTGTGACATGTGGATTAAAGAATTAATCACAAAGAATTAAAACTTTCTTTTGATTCAGCAGGTTGGAAAGACTCTAACTGGAGAATCTGCAAAGGAGTATTTGGAAGCCCACTGAGGCCTAAGGGGAAAAACCAAAAATCCCCAGAAAAAAAAAAAACAGAAAGAGGCTATCTGAGAA","-","","CP068268_39050443_39150442.fa_CP068268_39050443_39150442"
"47",8279,8447,169,"ACTGCTTTGTGATGTGTAAATTCATCTCAGAGTTAAACCTTTCTTTTGTTTCAGCAGGTTGGAACACTCTATTTACAGAATCTGCAAGGTGACATTTAGGACACCATTGAGGCCTATGGGGAAAAACTTAATATCCCAAGATAAAAACAAGAAAGAAGCTATGTGTGAA","-","","CP068268_39050443_39150442.fa_CP068268_39050443_39150442"
"48",8448,8619,172,"ACTGCTTTGTGTTGTGTGGATTCATCTCACAGAGATAAACCTTTCTTTGATCCAGTAGGTTGGAAACACTCTTTTTGGATAAACTGAGAAGGGGCATTTGGGAACACATTAAGGACTATGGAGAAAAACCATGTATCTCCTGATAAAAAACCAGAAAGAAGCTATCTGTGAA","-","","CP068268_39050443_39150442.fa_CP068268_39050443_39150442"
"49",8620,8791,172,"ACTGCTATGTGATGTGTGGATTCATCTCACAGAGTTATAATTTTCTTTGATTCAGAAGGTTGGAAACGCTGCTTTTGTAGAATCTGAGAAAAGACATTTGGGAGCCTAATAAGGCCTATAAGTAAAAATCAAATATCCTCAGATTAAAAACTAGGAAGAAGCTATCTGTTAA","-","","CP068268_39050443_39150442.fa_CP068268_39050443_39150442"
"50",8792,8965,174,"ACTACTTTGTGACCTGTAGATTCCTCTAACAGAGGTGAACATTTTTTTTTTTATTCAGCAGTTTGTAAACTTTCTTTTTGGGGAATCTGTGTAAGGACATTTGGTAGCTCATTCTTGCCTAAGGGAAAAAACCGAATATCCCCAGACAAAAACTAAAAAAAAGTTATCTGTGAA","-","","CP068268_39050443_39150442.fa_CP068268_39050443_39150442"
"51",8966,9112,147,"ACTACTTTGTGATGTGTGGATTCATCTCACAGAATTTGGAAACTCTCTTTTTGTAGAATCTGTGAAGGGACATTTCACAGGCCATTGAGGCCTATGGGGAAAAAGACAATATCCCCAAATAAAAACTAGAAAGGAGCTATTTGTGAA","-","","CP068268_39050443_39150442.fa_CP068268_39050443_39150442"
"52",9113,9296,184,"GCTTTCTGTGAAACAGCTTTGTGGTGTGTGAATTCATCTCACAGAGTTAAACCTTGCTGTTGATTCAGCAGATTGGAACCACACATTTTGGAGTCTCAGCAAAGGCACGTTTCAGAACCCATTGAGGCCTAAGAAAGAAAACTGAATATCCCTAGATATAAACTAGAAAGAAGCTAGCTGTGAA","-","","CP068268_39050443_39150442.fa_CP068268_39050443_39150442"
"53",9297,9463,167,"AACAGCTTTGTGATGCTGGACTCATCTCACAGTGTTAAAGCTTTCATTTGATTCAGCAGGTTGGTAATACTCTTTTTGGATATTCTGTGAAGGGACATTTGGGAGCCCATTGAGGCCTATGGGAAAAAACAGAATATCCCCAGAAAAAAAAAAAAAACTATAAAGAA","-","","CP068268_39050443_39150442.fa_CP068268_39050443_39150442"
"54",9464,9633,170,"ACTCCTTTGTGATGTGTGGATTCATCTCACAGACTTAAAACTTTCTTTCCTTTGAGCAGGTTGGAAACACTCTTTTTTTAGAATCTGCAAAGGAACATTTGGTATCCCATAGAGTTTATGGGGAAAAACAGAATATCTCAAGATAAAAACAAGAAAGAATCTATCTGTAA","-","","CP068268_39050443_39150442.fa_CP068268_39050443_39150442"
"55",9634,9805,172,"AATGCTTTGTGATGTGTGGATTCATCTCATGAAGTTAAACTTTTCTTTAGATACAGCAGTTTGGAAACACTCTTTTGGTAGAAACTGCGAACAGACATTTGGGAGAGCATTGAGGGCTATGGGGACAAATGGAATATCCCCAGATAAAAATTAGGAAGAAGCTATCTGTGAA","-","","CP068268_39050443_39150442.fa_CP068268_39050443_39150442"
"56",9806,9977,172,"AACTGCTTTGTGATATTTGGATTCAGCTCTTGATTTAAAGTTTTCTTGTGAAACATCAGGTTGGAAACACTCTTTTGGGAGAATCTGCAAAGGGATATTTGAGAGTCCTTTGAGGTCTATGGAGAAAAACCGAACATCCACAAATAAAAACTACAAAGAAGTTATGTGTGAA","-","","CP068268_39050443_39150442.fa_CP068268_39050443_39150442"
"57",9978,10148,171,"ACTGATTTGTAATATATGGATTCATCTCACAGTGTGAAACTTTTCTTCTTATTCAAAAGGTTTTAAACAATCTTTTTGTAGAATTTGTGAAGGGATATTTGGGAGCCCATTGAGGCTGATAAGAAAAAAAGAAGTATCCACAGATAATAGGAAGAAAGATGCTACCTCCAA","-","","CP068268_39050443_39150442.fa_CP068268_39050443_39150442"
"58",10149,10320,172,"ACAGCTTTGTGATGTGTGGATTCATCTCACAGAGGTAAAACTTTCTTTTGATTCATCAGATTGTAAACAATCATTTTGGAGAATCTGTGAAGAAACATTTGGGAGCCCACTGAGGCTTTTGGGGAAACACCAAATTTTCCCAGATAGAAACTAGAATGAAGCTATCTGTGAA","-","","CP068268_39050443_39150442.fa_CP068268_39050443_39150442"
"59",10321,10489,169,"ACTGCTTGTTGATGTGTGGATTCAACTCACTGACTTAAACCTTTCTTTTATTCAGCATTGAAAACACTCTTTTTGGAGAATCTGCAAAGGGAAACTTGTGAAACCTTTGAGGACTGTGGGAAATAACAGAATATCCCTATATTGAAACTAGAAAGAATTAATCTCTGAA","-","","CP068268_39050443_39150442.fa_CP068268_39050443_39150442"
"60",10490,10659,170,"ACAGCATTGCGATGTGTGGATTGATCTCAGATATAAATATTTCTTTTCTTTCATCAGCCTCTAAACACTCTTTTTGGAGAATCTGCTAAGGGACAATTGGATGCCCATTGGGGCTTAAGGGGAAAAATGGATTATCCCCAGATAAATACTAGAAAGAAGCTATCTGTTAA","-","","CP068268_39050443_39150442.fa_CP068268_39050443_39150442"
"61",10660,10830,171,"ACTGCTTTGTGATGTGTGGATTCTTCTCACACTGCAAATTTTTGTGCTGATTCAGCAGGCTGGAAACACTCCTTTTGTGGAATCTGCAAAGCGATATTTGGGAGCCCATTGGGGCCTATGGGGAGAAACTGAATAATCCTAGGTAAAAACTACAAAGAAACTATCTGTGAA","-","","CP068268_39050443_39150442.fa_CP068268_39050443_39150442"
"62",10831,10984,154,"GATACATATCAGAGAGTTAAACTGTTGTATTTATTCAACAGTTTGGAAACATTCTGTTTGTAGAATCTGTGAAGGGAAATTTGGGCACTGAAATAGGCCTATGGGGAAATACTGAATATCTCCAGATAAAAACTAGAAATTAGGTATCTGTGAA","-","","CP068268_39050443_39150442.fa_CP068268_39050443_39150442"
"63",10985,11137,153,"ACTCCTTTGTGATGTGTGGATTCATCTCACAGAGTTAAACCTTCCTGATGATTCGGCAGATTGGAAAACCACTTTTTGGAGGCTCTGTGAAGGGACATTTTAGAGCCCATTGGGGTCTAAGAAAGTTACTGTGAAGGTGCTTTATGATTGCTG","-","","CP068268_39050443_39150442.fa_CP068268_39050443_39150442"
