"","start","end","width","seq","strand","class","region.name"
"1",88,258,171,"AATGTTTTGTGATGTGTGGATTCATCTCACAGAATTAAATCTTTCTTTTGATTCACCAGGTTGCAAACACTCTTTTAGGAGAATCTGAGAAGGCATAGTTGGGAGCTCATTGAGGCCTAGAGAGAAAGATCGAATATAGCCAGATGAATACTAGAAAGAAGCTATCTATAA","-","","CP068268_39050443_39150442.fa_CP068268_39050443_39150442"
"2",259,428,170,"ACTGCTTTGTAATGTGTGGATTCATCTCACACAGTTAAACCATTCTTTTGATTGAGCAGATTTGAAACACTTTTTGAAGAATCTGTGAAGAGACATTTGGAAGCCTCTTGAGGCCAATAGAAATAAACAGAATATCCCCAGATAAAAACTAGAAAGAAGCTATCTATGCA","-","","CP068268_39050443_39150442.fa_CP068268_39050443_39150442"
"3",429,600,172,"AAAGCTTTGTGATGTGTGGATTCATCACACACAGTTAAACTTTCGTTTTGATACACCAGGTTGGAAACACTCTTTCTGGAGAATCTGTGAAAGGACATTTGGGAGCCCACAGGGTCCTATGGGGATAAATTGAATATCTCTAGAGAAAAACTAGAAAGAAGCTATCTGTGAA","-","","CP068268_39050443_39150442.fa_CP068268_39050443_39150442"
"4",601,770,170,"ACTGCTTTGTGATGTCTGAATTTATATCACAGAATTAAACCTTTCTTTTGATTCAGAAGGGTGAAAACACTCTTTTTGGAGAATTTTCAAAGGGACATTTGGGAACCCATTTTGGCCTATGGAGGAAAAAAAATATCCCCAGATAAATATAGAAAGAAGCTGTGTGTGAA","-","","CP068268_39050443_39150442.fa_CP068268_39050443_39150442"
"5",771,942,172,"ATGGATTTGTGATATGTGGATTCATCTCACAGAGTTAAACCATTCTTTTGATTTAGCAGGTTCGAAACACTCTTTTTGGAGCATCTGCAAAGGGACATTTGAAAGCTCTTTGAGTCCTATAAGGCAAAACAGAAATTCCCCATATAAAAACTAGAAAGAAGCTATCTGTGAA","-","","CP068268_39050443_39150442.fa_CP068268_39050443_39150442"
"6",943,1114,172,"ACTGCCTTTTGATGTGTGGATTTATCTCACAGAGTTAAACCTTTCTTTTTATTCAGCAGATAGAAATCACTCTATTTGGAGAACCTGTGAAGGGACATTTGGGAGTCTATTGAGGCCTATGGGGGAAAATCAAATATCCCCAGATAAAAACAGGAAAGACGCTATCTGTGAA","-","","CP068268_39050443_39150442.fa_CP068268_39050443_39150442"
"7",1115,1284,170,"ATGCCTTTTGATTTGTGGATTAATCTCACAGAGTTGAAACCTTCTTTTGATTCGCAGTTTGGAAACACTCTATTTGGAGTATCAGCAAAGGGACATTTTGGAGCCCACTGGGGCCTGTGGGGAAAAAGTGAATATCCCCAGATAAAAACGAGAAAGAAGCTATCTGTGAA","-","","CP068268_39050443_39150442.fa_CP068268_39050443_39150442"
"8",1285,1461,177,"AACCACTTGTGATGTGTGGGTCATCTCACAGAGTTAAACCTTATTTTGATTCAACAGGTTTGAAAGACTTTTTAGAGAATCTGCAATGAAACATTTTGGAGCCCATTAAGGCCAATGTGGAAGAGCTGAATATCCCCAGATAGAGCAGATAGAAACTAGAAAGAAGCTATCTGTGAA","-","","CP068268_39050443_39150442.fa_CP068268_39050443_39150442"
"9",1462,1629,168,"ATTGCTTTGTGATGTGTGGATCCATCTCACAGACTTAAAGCTTTCATTTGATTCAGCAGTTTGGAAACCATCTATTTTGAAAATCTACGAATGCACATTTGGAGCACACTGAAGCCTATGGGCAAAACCGAGTATTCCCTGATAAAAAGTACAAAGAAGGTCTCTTAA","-","","CP068268_39050443_39150442.fa_CP068268_39050443_39150442"
"10",1630,1802,173,"ACTCCTTTGTGATGTGTGGATTCATCTCACAGAGTTAAACATTTATTTTGTTACAGCAGTTTTAAAAATACTCTTTTTGGAGAATCTGTGAAGGAATATTTAGGAGCCACTTGAGGCCAATGGAAATAATCCGAATGTCCCCAGATAAAAACTAGAAAGAAGCTATCTGTGAA","-","","CP068268_39050443_39150442.fa_CP068268_39050443_39150442"
"11",1803,1975,173,"AACTGCTCTGTGATGTGTGGAATCATCTCATATAATAAAAACTTTATTTTGTTTCAGCAGGTTGGAAACGCTTTTTTTAGATAATTTGCAAAGGGACATTTTTGAGCCCTTTGATGCCTATGGGGAAAAACGTAATATCCCAAGATAAAAACTAGAAAGAAACTATCTTTGAA","-","","CP068268_39050443_39150442.fa_CP068268_39050443_39150442"
"12",1976,2124,149,"TTGTGATATGTCAATTCATCTCACAGAGTTTAATTTTTCTTTTCATTAAGCAGGTTGGAAACACTCGCTCTGACATTTGAGAGACCATTGAAACTTATGGGGAAAAATTGAATATCCCTGGATAGAAACTAGAAAGAGGCTTTCTGTAA","-","","CP068268_39050443_39150442.fa_CP068268_39050443_39150442"
"13",2125,2289,165,"ACTGCTAATTGATGTGTGGATTCATCTCACGGATTTTTACCTTTTCTTTGATTCAAAAGGTTGAAAGCACTCTTTTTGGAGAATTTGCAAAGAGATATTTGGGAGCCCATTGAAGCCTAGGGGAAAAACAGTATATCACCAGATAAATGTTTGTGTGAAACAGAT","-","","CP068268_39050443_39150442.fa_CP068268_39050443_39150442"
"14",2290,2456,167,"ACTGCTTTGTGATGTGTGGATTCATCTGCAAGAATTAAACATTTCCATTGATCCAGCAGATTGGAAACACTCTTTTTGGAAAATCTGTGAAGGGACATTCTGGAGCTTATTCAGGCCTAAGGGAAAAACTATTCCTAGATAAAAACTACAAATAAGTTATCAGTGAA","-","","CP068268_39050443_39150442.fa_CP068268_39050443_39150442"
"15",2457,2627,171,"ACTGTTCTGTGATGTGTGGATTCATCTCACAGAGTTAAATCTTTCTTTGATTCAGCAGGTTGGAAACACCTTTTTTGGAGCATCTGCAAAGGGATCTTTGTGATCCCATTAAGTCCTATGGGGAAAAAATGAACATCCCCATATAAAACCTAGAAAGAAGCTATGTGTGAA","-","","CP068268_39050443_39150442.fa_CP068268_39050443_39150442"
"16",2628,2800,173,"ACTGCTCTGTGATGTGTGGATTAATCTCACAGAGTTAAAACTTTCTTTTGATTCAGCAGTTTGGAAACACTCTATTTGGAGACTCTACGAAGGAACATTTTAGAGCCCAGTGAGGACTGTGGGGAAGAAGTGAATATCACCAGATAAAAAAGTAGAATGAAGCTATCTGTGAA","-","","CP068268_39050443_39150442.fa_CP068268_39050443_39150442"
"17",2801,2969,169,"ACTGCTTGTGATGTGTGGGTCATCTCACAGAGGTAAAGCTTATTTTGATTCAACAGGTTGGAAACACTCTTTTTGGAGAATCTGCGATGAAACATTTGGGAGCCCATTAAGTCCTAAGTGTAAAAGGCAAATATCGCTATATAGAAACTAGAAAGAACGTATCTGTGAA","-","","CP068268_39050443_39150442.fa_CP068268_39050443_39150442"
"18",2970,3149,180,"CTTGCTTTATAATGTGTAGATTCATCTCACAGAGTTAAATCTTTCTTCTGATTCAGCAAGTTGGAAACAGTCTTTTTTGAGAGTCTGCTAAGGGATAAATATCCCAAATGGGAGCCCACAGAGGTCTATGGGGTAAAAACGATTATTGTCTTATAAAAAGTACAAAGAAGATATCTTGAA","-","","CP068268_39050443_39150442.fa_CP068268_39050443_39150442"
"19",3150,3321,172,"TACTGCTTTGTGATTTGTGGATTCATCTCACAGACTTAAAGCTTTCTTTTGATTCTTCAGGTTGGAAACACTCTTTTGAGAGAATCTGTGAAGGGACATTTGGAAGCCCATTGAGGCCTTTCTGGCAAACCAAATATTTCCAGAGGAAAACTAGATAGAAGTTATCTGTGAA","-","","CP068268_39050443_39150442.fa_CP068268_39050443_39150442"
"20",3322,3492,171,"ACTTCTTCATGATGTGTGGATTCATCTCACAGAGATAACACTTTCTTTTGAATTGGCAGGTTGGAAACAGTTTTTTCTGGAGCAGCTGCAAAGGGATATTTGGGAGCCCATTGAGACCTGTGGGGCAAATAGAATATCCCCAGATGAAAATGAGAAAGAAGCTATTTGTGA","-","","CP068268_39050443_39150442.fa_CP068268_39050443_39150442"
"21",3493,3664,172,"ACTGGTTTTTGATGTGTGGATTCATCTCACAGATTTAAACCTTTCTTTTGATTCAACAGTTTGGAGACACTGTTTTTACAGAATCTACAAAAAGACATTTTGGAGCCCCTTTAGGCCTATGGGCCAAAACCGAATATCCCCAGAAAAAAACTAGCAGGAAACTATCTGTGAA","-","","CP068268_39050443_39150442.fa_CP068268_39050443_39150442"
"22",3665,3843,179,"CCGTGGAAATTCTTTGTGATGTGTGGATTCATCTCACAGACTTAAATCTTTCTTTTGATTCACCAGGTTTAAAAGACTCTTTTTCAAGTGTCTGTGAAGGGGCATTTCTGAGCCTGTTGAGTCCTATGGGGCAAAACTGAATATATTCAGTTAAAAATTAGAAAGAAGCTATCTGTGAA","-","","CP068268_39050443_39150442.fa_CP068268_39050443_39150442"
"23",3844,4012,169,"ACTGCACTCTAATGTGTGGATTCATCTCACACAGTTAAACCATTCTTTTGATTGAGCAGGTTTGAAACCCTCTTTTTGAAGAATCTGCAAATGGACATTTGAGAGTCTCTTGAGGCCAATGGAAATAAACTGGATATCCCCAGATAAAAACTAGAAAGGAGCTGTCTGT","-","","CP068268_39050443_39150442.fa_CP068268_39050443_39150442"
"24",4013,4182,170,"ACATCTTTGTGATTTGTGGAGTCATCACACAGAGATAAACCTTTCTTTTGCTACTACAGTTTGGAAACACTTTCTGGAGAACCTGCGAAAGGACATTTGGGAGCCCACAGGGGCCTATGGGGATAAATCAAATATCTCTAGAGAAAAACTAGAAAGAAGCTATATGTGAA","-","","CP068268_39050443_39150442.fa_CP068268_39050443_39150442"
"25",4183,4355,173,"AATTACTCCGTGAGATGTGGATTCATCTCACTGAGACAAACCTTTCTTTTGATGCAGGAAGTTGAAAACACTCTTTTTGCAGAATCTGTGAAGGGACATTTGGGAGCCCATTGATGTGTACAGGGAAAAATGAATTATCTGCAGATAAAAACAAGAAAGAATCTCTGTGTGAA","-","","CP068268_39050443_39150442.fa_CP068268_39050443_39150442"
"26",4356,4528,173,"AAACTGCTTTTTGAGGTGGGGATTCATTTCACAGAGGTAAATCTTTCATTTGACTCAACAGGTTGGAAACACTCTTTTTAGAGAATCTGCAAAGGGACATTCGGGAGCTCATTGAGGCCAGTAGCAAAAAACACAATATCCTCAGATCAAAACTAGAAAGAAGCTATCTGTAA","-","","CP068268_39050443_39150442.fa_CP068268_39050443_39150442"
"27",4529,4699,171,"ACTGCTTTGTCATGTGTGGATTCATGCCATGGAGTTAAACCTTTCGTTTGACTCACCAGGTTGGAAACACTCTCTGTAGAGAATCTGCAAAGGGACACTGGGGAGCTCATTGAGGCCAGTGGAAAAAAACAGAATATCCCCAGATAAAAAAATAGAAAGAAGCTATTGGAA","-","","CP068268_39050443_39150442.fa_CP068268_39050443_39150442"
"28",4700,4875,176,"ACTGCTTTATGTTGCTTGGACTCATCACACAGAGTTAAAACTTTCTTTTGATCCAGCAGGTAGGAAACACTCTTGTAGAATCACTGAAAGGACAGTTTGGAAGCCATTGAAACCTAACAACAACAACAACAAAACCAATATCCCCAGAACAAAACTAGAAAGATGCTATCTGTGAA","-","","CP068268_39050443_39150442.fa_CP068268_39050443_39150442"
"29",4876,5048,173,"AACTGCTTTGTGATATTTGGATTGAACTCACAGAGTTAAAACTTTCTTTTCATACAGAAAGTTGGAAACACTCCTTTTGTGGGAACTGCAAAAAGATATTTGGGAGCCCATTAAGGCCTATAAGTAAAAACAGGTAATCATCAGACAAGCACTATAAAGAAGATAACTCTGAA","-","","CP068268_39050443_39150442.fa_CP068268_39050443_39150442"
"30",5049,5219,171,"ACTGCTTTGTTACACGTGGATGCATCTCACAAATTTCAACATTTCTTTTGATTCTGCAGGTTGGAAATACTCTTTTTTCTAGAACCTCTGAAAAGACATTTGGGAGCCCATTGAGGTCTGTGGGGATAAAGTGAATATCCCCATATAAAAGGTGAAAGAAGCTGTCTGTAA","-","","CP068268_39050443_39150442.fa_CP068268_39050443_39150442"
"31",5220,5390,171,"ACTGGTTTGTGATGTGTGGATTCATCTCACAGATTTACACCTTTCTTTTGATCCAGCAGGTTGGAAACACTTTTTTTGTAGGATCTGTGAATGTACATTTTGGAGCCCATTGATGCCTAGCAGAAAAACTGAATATCCCCAGATAAAAAGTAGAATGAAGTTATCTGTTAA","-","","CP068268_39050443_39150442.fa_CP068268_39050443_39150442"
"32",5391,5559,169,"ACTGTTTTGCAATGTGAGGATTCATCTCACAGAGTTAAACTTTTATTTTTGATTCAGCAGGTTCAAATCACTCTCTTTGTATAATCTGTGAAGGGATAATTGGAAGTCCATTGAAGCCTATAAGGAAAAATTGAATATCCCCAGATGAAAACTGAAATAAGTTTGTGAA","-","","CP068268_39050443_39150442.fa_CP068268_39050443_39150442"
"33",5560,5730,171,"ACTGCTTTATGATAGCTGGATTCATCTTACAGAGTTAATCATTTTAATTAATTCAGCAGGTTGGAAAAACTCTTTTTGGAGAATCTATGAAGTGACGTCTTGGAGCCCATTGAGGCCTAGGAAGAAAATTGAATATCCCTAGATAAAAACTAGAAAGAAGGTATCTGTGAA","-","","CP068268_39050443_39150442.fa_CP068268_39050443_39150442"
"34",5731,5901,171,"AATGTTTTTTGATGTGTGGATTCATCTCAAAGTGTTAAACCTTTGTTTTGATGCAGCAGATTGAAAACACTGTTTTTGTAGAATCTGTGAAGGGACATTTGAGATCCCATTTGGGCCACTGGGAAAAAACAAATATCCCCAGGTAAATACTAGAAAAAAGCTACCTGTGAA","-","","CP068268_39050443_39150442.fa_CP068268_39050443_39150442"
"35",5902,6050,149,"ACCGCTTTGTATGTGTGGATTTATCTCACAGAGTTAAAGCTTCTTTTAATTAGCAGGGTGGAAACACTCTTTCTAGACAATCAGCAAAAGGACGTTTTGTAGACAATTGAGCCCTAAGGGGAAAAACCTAGAAAGATGCTATTGGTGAA","-","","CP068268_39050443_39150442.fa_CP068268_39050443_39150442"
"36",6051,6221,171,"ACTGCTTTGTGATGTGTAAATTCAATCACAGAATTAAAATTTTCTTTCAATTCAGCAGGTTCAAAACACTCTTTTTCTAGAACCTGTGAAGGGACATTTGGGAGCCCATTGAGGCCTATGGAGAAAAATTGAATATCCCCAAGTAAAAACTAGAAAGATGCGTTTTGTGAA","-","","CP068268_39050443_39150442.fa_CP068268_39050443_39150442"
