"","start","end","width","seq","strand","class","region.name"
"1",2,155,154,"ACAGCTCTCTGATATGTGGATTCATCTCACAGAGTTAAACCTATCTTTTGATTCTGCAGCTTAGTTTGGAAACACTGTTGTTTTAGAATCTGCAAAGGAATATTTGGGAGCTCACTTAGGCCAATAGTTAGAAAGTGAATATCCCAAGATGAAA","-","","CP068268_39050443_39150442.fa_CP068268_39050443_39150442"
"2",156,327,172,"ACTGCTTTGTGATGCTTGCATTGAACTTACAGAAGTCAAGCATTCTTTAGATTCAGCAGTTTGGAAACACTGTTTTTGCAGAATTTGTGAAGGGACATTTTGGAGCTCATTGAGGCCTACTGCAAAGAAGTGAATGTCCCCAGATAAAAACTAGAAAGAAATTCTCTTTGAA","-","","CP068268_39050443_39150442.fa_CP068268_39050443_39150442"
"3",328,500,173,"ACTGCTTTGTGATGTGTGTATTCATCTCTCAGAGGTAAATCTTTCCTTTGATTCAGCAGTTTGGAAACACTGTTTTTTAAAAAACTGTGAAAAAAACATTTTGGAGCACATTGAGGCCTGTGGTGAAATATAGAATATCCCCAGATAAAAACTAGAAAGAAGCTTTCTGAGAA","-","","CP068268_39050443_39150442.fa_CP068268_39050443_39150442"
"4",501,672,172,"ACTACTTTTTGATGTGTGTATTCATCTCACAGAGTTAAAGTTTCCTTTGGATTCAGCAGTTTGGAAATGCAGGTTTTGTAGGATCTGAGAAGGGACATTTTGAGGCGCTTTGAGGCCTAGGGTGAAAAAGCAAACATCCTAAGATAAAAACTAGAAAGGAGCTATCTGAGCA","-","","CP068268_39050443_39150442.fa_CP068268_39050443_39150442"
"5",673,842,170,"CACTGCTTTGGATGTGTGCATTCAATTTACACAGTTAAAGACTTCTTTTGATTTAGCATTCTGGAAACACTGTTTTGGAGAATCCTAGAAAGGACTTTAAGAGCGTATTGAGGCCTATGGTGAAAAAGCATACAACTTCCAATAAAAACTTGAAAGAAACAATCTGCGAA","-","","CP068268_39050443_39150442.fa_CP068268_39050443_39150442"
"6",843,999,157,"ACTGCTCTGTGATGTGTGCATTCAACCTATCTTTTGATTCAGCGGTTTGGTAACGCTGTTGTTTTAGAATCTCCAAAGGAACATATGGGAGCTCATTGAGGCCAATGGTGAAAAAGCAAATATCCTAAGATTAAAACTAAAAAGAAGCTATCTCAGA","-","","CP068268_39050443_39150442.fa_CP068268_39050443_39150442"
"7",1000,1171,172,"ACTGTTTTGTGATGTGTGTCTTCATCTCAAAGAGTTAAACCTTTCTTTTGATTCAGCAGTTTGGAAACACAGTTTTTGTAGAATCTTCAAAGGGAGACTTTAGAACTCATTAAGGCCTACTGCAAATAAGTGAATATCCCCAGATAAAAACTACAAGGAAGCACTCTCTGAA","-","","CP068268_39050443_39150442.fa_CP068268_39050443_39150442"
"8",1172,1342,171,"ACTGCTTTGTGATGTGTGCATTCATCTCCAGACTTAAACCTTTCTCTTGTTTCAGCTGTTTGGAAACACTGCCTTTGTACGTTCTGCAAATGGATATTTCCGATCTCTTTGAGGCCTATGGTGAAAAAGAAAATATCTTCAGATAAAAATTAGAAAGAAGCTTTCTGAGTA","-","","CP068268_39050443_39150442.fa_CP068268_39050443_39150442"
"9",1343,1511,169,"ACCACTTTGTGATGTGTGCATTCACTTTGAAGAGTTAAACCTTTCTTTTTATACAGCAGTTTGGAAAGAGTGTTTATGTAGAATCTGCAAAAGGCATTGAGAACCACTTGAGGCCTACAGAGAAAAAGAAAATATCTTCAGATAAAAACTAAAAGAAGCTTTCTGAGAA","-","","CP068268_39050443_39150442.fa_CP068268_39050443_39150442"
"10",1512,1683,172,"ACTGCTTTGTGACGTGTGCATTCATCTCACAAAATTAAAACTTTCTTTTGATTCAGCAGTTTGGAAGCACTGTTTTTGTACATTCTGTAAGAGGAAATTTGGGAGCTCATTGAGGCCAATTGCAAAAAAGCTAATATCCCAGGATAAAAACTAGAGGGAAGCTATCTGAGAA","-","","CP068268_39050443_39150442.fa_CP068268_39050443_39150442"
"11",1684,1855,172,"ACCGAATTTTGATGTGTGCATTCATCTTGCAGAGGTAAACCTTTCTTTTGATTCAGTGGTTTGGAAACAGTATATTTGTACATTCTGTGAATGGACATTTGGGAGCTTATTGAGGCCTAAGGTGAAAACGAAAACATCTTCTGATAAAAACTAGAAAGTTGTTTTTTGAGAA","-","","CP068268_39050443_39150442.fa_CP068268_39050443_39150442"
"12",1856,2028,173,"AACTGCTTCATGATGTGTGAATTCATCTCACACAGTTAAACTTTTCCGTCCATTCAGTAGATTGGAAGCACTCTTTTTGTACATTCTGCAAATGGACATTTTGGAGCTCATTGAGGCCAGTGGTGAAAAGGTGAATATCCCAAGATAAAACATAGAAGGAAGCTATCTGAGAA","-","","CP068268_39050443_39150442.fa_CP068268_39050443_39150442"
"13",2029,2199,171,"AATGCTTTGTGATGTATGCATTCATCTCCAAGTGTTAAACTTTTATTTTGATTCAACAGTTTGGAAATGCTGTTTTTGTAGGATCTGAGAAAGGATAGTTGGGAGAGCATTGAGGCCTATGGTGAAAAAGAAATTATCTTCAGACAAAAACTGGAAAGAAGCTTTCTGAAA","-","","CP068268_39050443_39150442.fa_CP068268_39050443_39150442"
"14",2200,2371,172,"TATGTCTTTATGATCTGAGCATTGATACACAATGTTAAACCCTTCTTTTGATTCAACAGTTTGGAAACACTGTTTTTGTACATTCTGTGAATGGACATTTCAGAGCCCATTGAGGCCAATGGCAAAAAAGGGAATATTCCAGGCTGAAAACTAGAAGGGAACTATCTGAGAA","-","","CP068268_39050443_39150442.fa_CP068268_39050443_39150442"
"15",2372,2540,169,"ATTTCTTTGTTCTGTGCATTGATCTCACAGAGTTAAATGATTCTTTTGATTCAGCAGTTTGGAAACACTGTTTGTGTACATTCTGTGAACGGACATTTGAGAGCACATTGAGGCCTATTGTGAAAATGAAAACATCTTCAGATAAAAACTAGAAAGAAATTTTCTGAGA","-","","CP068268_39050443_39150442.fa_CP068268_39050443_39150442"
"16",2541,2711,171,"ACCACTTTGTGATGTGTGCATCCTCTCACAGAGTTAAACCTCTCTTTTGATTCAACAATTTGAAAACACTGTTTTTGTAGAATCTGTGGAAGTACATTTGGGAGTGTATTGATGCCTATGGTGAAAAAGAAAATAACTTCAGATAAAAAATTGAAAGGAGCTTTCTGAGAA","-","","CP068268_39050443_39150442.fa_CP068268_39050443_39150442"
"17",2712,2881,170,"ACTGCTTTGTGATGAGTGCATTCATCTCACAGAGGTAAACATTTCTTTTGATTAGCTCTTTGGAAACACTGTTTTTGGACCTTATGCAAATGGACTTTTGGGAGCTCATTGAGGCAAATGGTGAAAAAGTGAATATCCCAAGTTAAAACTAGAAGGAAAGTATCTGAGGA","-","","CP068268_39050443_39150442.fa_CP068268_39050443_39150442"
"18",2882,3038,157,"AGCATTAGGTATATCTCCTAACGTTAAAACTTTCTTTTGATTCAGCAGTTTGGAAACGTTGTTGTAGAATCTATGAAAAACATTTGGGAGCCCATTGAGGCCTTTAGTGAAAAAGAAAATATCTTCACTTGAAACCTAGAAGGAAGCTTGCTGAGAA","-","","CP068268_39050443_39150442.fa_CP068268_39050443_39150442"
"19",3198,3369,172,"ACTGCTTTGTGATGTGGGCATTCATCTCACAGAGTTAAACCTTTCTTTTGATTCACGAGTCTAGAAACACGGTTTTTGTGCCTGCTGCAGACGGATATTTGTGAGCTCATTGAGGTGAATGGTGAAAAGGTGAATATCCCAAGATTAAAACTAGAAGGAAGATAACTGATAA","-","","CP068268_39050443_39150442.fa_CP068268_39050443_39150442"
"20",3370,3540,171,"ACTACTTTGTGATGTTTGCATTCATCTTACAAAGTTAAACCATTCTTTTGCTTAAGCAGTCTGGAAACACTGTTTTTGTACATTCTGCAAATGTACATTTAAGAGCTCATTGAGGCCTGTGGTGAAAACAAAATTATTGACAAATAAAAACTAAAAAGAAGCTTCTGAGAA","-","","CP068268_39050443_39150442.fa_CP068268_39050443_39150442"
"21",3541,3712,172,"AGAGCTTTGTGATCTGTGCTTTCATCTCATGGAGTTAAACACTTCTTTTGATTCAGCAACTTGGAAACACTCTTTTTCTATGTTCTGTGAGTGGACATTTGGGAACTCATTGAGGCCAATGGTGGAGAAGCGTGTATCCCAAGATAAACATTAGAAGGAAGTTATCTGAGTA","-","","CP068268_39050443_39150442.fa_CP068268_39050443_39150442"
"22",3713,3885,173,"ACTGCTTTGTTAATGTGTCCATTCATCTCACAAAGTTAAAACTGTCCCTTGATTCAGCAGTTTGGAAACACTATTTTTGTGCTTTCTGCTAATGGACATTTGGGAGCTCACTGAGGCCAATGGTGAAAAAGTGAATATCCCAGGATAAAAACTAGAAGGAAGCTTTCTGCGAA","-","","CP068268_39050443_39150442.fa_CP068268_39050443_39150442"
"23",3886,4059,174,"ACTGGTTTGCGATGTATGCATTCATCTGGCAGAGATAAACCTTTCTTTTGATTCAGCAGTTTGGAAACACTGTTTTTGTAATATCTGCAAAAGGACTTTTTGGAGCGCATTTAGGCCTATGTTGAAAAATAAAATATCTTTAAAGATAAAAACTAGAAGGAAGCTTTCTGAGAA","-","","CP068268_39050443_39150442.fa_CP068268_39050443_39150442"
"24",4060,4230,171,"ATTGCTTCTGATGTGTGCATTCATCTCACAGAATTAAACCTTTCTTTTGATTCGGCAATTTCAAAAGACTATTTTTGTACTTTCTACAAATGGACCTTTGGGAGTTCACTGAAGCCAATGACAAAAAAGAAAATATCCCAGGATAAAAACTACAAGGAAGCTATCTGGGAA","-","","CP068268_39050443_39150442.fa_CP068268_39050443_39150442"
"25",4231,4402,172,"ACTGCTTTGTGATATGTGCATTTATCTCATTGAGTTAAGTCTTTCTTTTGATACAGCATTTTGGAGATGCTTTTTTTGTACATTCTGCAAATGGACATTTGGGAGCTCACTGAGGCCAATGGCATAAAAGCAAATATCCTATGATAAAAAGTAGAAGGAAGCTTTCTGAGAA","-","","CP068268_39050443_39150442.fa_CP068268_39050443_39150442"
"26",4403,4574,172,"ACTGCTTTGTGATGTGTGCATTCATCTCGCAGAGTTAAACCATTCTTTTGATACAGCAGTTTAAATAAACTGTATTTGTAGAATCTGGGAAAAGACATTTGGGAGAACTTTGAGGCTTATGCTGAAAAAGAAAATACCTTCAGATAAAAACTGGAAGGAAACTTCCTGACAA","-","","CP068268_39050443_39150442.fa_CP068268_39050443_39150442"
"27",4575,4746,172,"ACTGCTTTGTGATGTATGCATTCATCTAACAGAGGTAAACACTTCTTTTCATTTAGCAGTTTGGAAACACTGTTTTTGTACATTCTGCAAATGGACATTTGGAAGCTCACTGAGGCCAGTGGTGAAAATGTGAATATCCCAAGATAAAAGCTAGAAGGAAGCTGTCTGAGAA","-","","CP068268_39050443_39150442.fa_CP068268_39050443_39150442"
"28",4747,4924,178,"ATTGCTTTGTGATGTGTGAAGTAATCTCACAGATTTAAAACATTCTTGCCTTTCAGCATTTTGGAAACAATGTTTTTCTAAAATCTGCAAATGGACATTGTGGATCTCAATGAGGCCTAAGGTGAAAGAGAAAATATCTTTATCTTCAGATAAAAACTGGAAAGAAGCTTTCTGAGAA","-","","CP068268_39050443_39150442.fa_CP068268_39050443_39150442"
"29",4925,5096,172,"ACCACTTAGTGATGTGTACATTCCTCTCACAGAGTTAAACCTTTCTTTTGATCCAACAGTTTGGAAACACTGTTTTTGTGGAATCTGTGAAAGTACATTTAAGAGGTCATTGTAGCCTGTGGTGAAAAAGAAAATATCTTCAGATAAAAAATGGAAAGAAGCTTTCTAAGAA","-","","CP068268_39050443_39150442.fa_CP068268_39050443_39150442"
"30",5097,5268,172,"ACTGCTTTTTGTTGTGTGCATTAAACTCACAGAGTTAAACTTTTGTTTTGATCCAGCAGTTTGAAAACACTATTTTTGTACATTCTGTGAATGGACATTTGGGAAGTCATTTAGGCCAATGGTGAAAAAGTGAATTTTCCAATATAAAAACTAGAAGGAAGCTATCTGAGAA","-","","CP068268_39050443_39150442.fa_CP068268_39050443_39150442"
"31",5269,5438,170,"ACTGCTTTCTGATGTGTGCATTCACCTCACAAAGGCAAACATTTATTTTGACTCAGGAGTATGGAAACTTTTTTTGTACATTCTGCTAATGGACATTTGGGAGCCCATTGAGGCCTATGGTGAAAAAGAAAATATCTTCAGATAAAAACAAGAAAGAAGCCTTCTGAGAA","-","","CP068268_39050443_39150442.fa_CP068268_39050443_39150442"
"32",5439,5611,173,"ACCGCTTTGTGATTTGTGCATTCATCCCACAGAGTTAAACGTTTCTTTGGATTCAGTGGTTTGGAAACACTGTTTTTGTAGAATCTGAGAAAGGACATTTGGGAGTGCTTTGAGGCCTATTGTGAAATAAGAAAATGTGTTCAGATAAAAACTAGAAAGAAGCTTTCTGAGAA","-","","CP068268_39050443_39150442.fa_CP068268_39050443_39150442"
"33",5612,5782,171,"ACTGGTTTGTGATGTGTGCATTCATCTGGCAGAGATAAAATTTCTTTTGATTCAGCAGTTTGGCAACACTCTTTTTGTACATTCTGTGAATGGATATTTGGGAGCTCATTGAGGCCAATGGTGAAAAAGAAAGTATCCCAAGACAAAAATTAGAAGAAAGCAATCTGTGAA","-","","CP068268_39050443_39150442.fa_CP068268_39050443_39150442"
"34",5783,5954,172,"ACTGCTTGTTGAAATGTCCATTCATCACACACAATTAAGCCTTTCTTTTGATTCCACAGTTTGGAAACAGAGTTTTTGTACCTTCTGCGAATGGACATTCAGGAGCTCACTGAGGCCAATGGCAAAAGAGAGACTATCCCAGGATAGAAAGTACAATGAAGCTTTCTGAGAA","-","","CP068268_39050443_39150442.fa_CP068268_39050443_39150442"
"35",5955,6119,165,"ACTGCTTTCTGTTATGGGCATTCATCTCACAGATTTGAATCTTTTGATTCAGCAGTTTGGAGACACTGTTTTTGTAATATCTGTGAAAGGACAATTGGGAGTGCATTTAGGCCTATGGTGAAAAAAATATCTTTATATAAAAACTAGAAGGAAGATTTCTGAGAA","-","","CP068268_39050443_39150442.fa_CP068268_39050443_39150442"
"36",6120,6287,168,"ACAGCTTTGTGATGTGTGAATTACTCTGAGTTAAAACTTTCTTTTCATTCAGCTCTTCAGAAACAATGTTTATCTGAAATCTGCAAATGGACATTTGGGAGCTCATTGAGGCCTAAGGTGAAAAATAAAACATCTTCAAATAAAAACTAGAAAGAAACTTCCTGACAA","-","","CP068268_39050443_39150442.fa_CP068268_39050443_39150442"
"37",6288,6459,172,"AACACTTTTTAATGTGTGCATTCATCTCACAATGTTGAAACTTTCTTTTGATTCAGCAGTTTGGAAACAATGTTGTTGTAGAATCTGTGAAAGAACATTTGGGAGTTCATTGAGGTCTATAGTGAAAAAGAAAATATCCTCAGATAAAAACTGGAAAGAAGCTTTATAAGAA","-","","CP068268_39050443_39150442.fa_CP068268_39050443_39150442"
"38",6460,6632,173,"AATGCTTTGTGATGTGAGCATTCACCTCACAGAGTTAAACATTTCTTTTGCTTCAGGAGTTAGGAAACACTGCTTTTGCGCATTCTGTGGATGGATATTTGTGACCTCAATTGAGGTCAATGGTGAAAAAGTGAATAACCCAAGATTAAAACTAGAAGGAAGCTATCTGATAA","-","","CP068268_39050443_39150442.fa_CP068268_39050443_39150442"
"39",6633,6802,170,"ACTGCTTTGTGATGTGTGCATTCATCTTACAAAGTTAAACCATTCCTTTGCTTAAGCAGTCTGGAAACACTGTTTTTATATATTCTGCAAATGGACATTTAAGAGCTCATTGAGGCCTATGGCGAAAACAAAAATATCTACAAATAAAAACTAGAAAGAACTTCTGAGAA","-","","CP068268_39050443_39150442.fa_CP068268_39050443_39150442"
"40",6803,6974,172,"ACTGCTTTGTTATGTGTCCATTCATCTCACAGAGTTAAAGCTTTATGTTGATTCAGCAGTTTGGAATCACTGTTTTTGTAAAATCTGTGAAAGGATATTTGGGAGTGCATTGAGGCCTATGGTGAAAAAGAAAATATCTTCACATAAAAACTAGAAAGATGCTTTGTGAGGA","-","","CP068268_39050443_39150442.fa_CP068268_39050443_39150442"
"41",6975,7147,173,"AACTGGTTTGTGATATGTGCATTGCTCTGGCTGAGAAAAACTTTTCTTTTGATTCAGCAGTTTGGAAACTCTGTATTTGTAGAATCTGCAAAAGGACATTTGGGAGTACTTGGAGGCCTATGTTAAAAAAGAAAATATCTTTAGATGAAAACAAGAAAGAAGCTTTCTGAGAA","-","","CP068268_39050443_39150442.fa_CP068268_39050443_39150442"
"42",7148,7318,171,"ATTGCTTTGTGATGTGTGCATTTGTCTCACAGAATTAAACATTTCTTTCAATTCAGCAATTTGGAAACCCTCTTTTTGTACATTCTGCAAGTGAACATTTGGGAACTCACTCTGGCCAATGGCAAAAAAGGAAATACCCTAGGATAAAAACTAGGTGGAAACTATCTGAAA","-","","CP068268_39050443_39150442.fa_CP068268_39050443_39150442"
"43",7319,7491,173,"TCTGCTTCATGATGTGTGCGTTCACCTCACAGAGTTAAACTTTTCATTTGATTCAGCAGTTTGGAGACCCTGTTTTTCTACATTCTTTGAATGGACATTTGGGAGTTCACTGAGGCCAATGGTGAAAAGGGGAATGTCCTAGGATTAAAAAGTAGAAGGAAGGTTTCTGAGAA","-","","CP068268_39050443_39150442.fa_CP068268_39050443_39150442"
"44",7492,7663,172,"ATCGCTTTGTGATGTGTGCTTTCACCTGGCAGAGTTAAACCTTTCTTTTGATACAGGATTTGGTAAACACTGTTTGTGTGGATTCTGCAAAAGGACATTTGGGAGTGCATTGAGGCCTGTGGTGAAAAAGAAAATATCTTCAGATAAAAACTAGAAAGAAGGTTTCTGAGAA","-","","CP068268_39050443_39150442.fa_CP068268_39050443_39150442"
"45",7664,7835,172,"ACTGCTTTGTGATGTGTACATTCACTTCAGAGATTTAAACATTTCTTATGATTCAGCAGTTTGGAAACACTGTTTTTGTACTTTCTGTGAATGGACATTTTAGAGCTCATTGAGGCCAATGGTGAAAAAGTGAATATCCCAAGATAAAAATTAGAAGGAAGCTATCTGGGAA","-","","CP068268_39050443_39150442.fa_CP068268_39050443_39150442"
"46",7836,8006,171,"ACCACTTTGTGATGTATGATTTCATCTCACAGAGTTAAACTTTCTTTTGATTCAGCAGTTTGGAAACAATGTTTTTCTAGAATCGGCGAAAGGACATTGGGGAGCTCATTGAGGCCTAAAGTGAAAAAGAAAATATCTTCAGATAAAAACTACAAAGAAGCTTTCTGAGAA","-","","CP068268_39050443_39150442.fa_CP068268_39050443_39150442"
"47",8007,8178,172,"ACTGCTTTGTGATGTGTGCATTCAACTCACAGAGGTAAATCTTTCTTTTGATTCAGCAGTTTGGAAACACTGTTTTTGTAAATTATGCGAATAGACATTTGGGAGCTCATTGAGGCCTATGGTGAAAAAGAAAACATCTTCAGATAAAAACTAGAAAGAAGCTTTCTGAGAA","-","","CP068268_39050443_39150442.fa_CP068268_39050443_39150442"
"48",8179,8351,173,"ACCACTTTGTGATGTGTGCATTGTTCTCACAGAGTTAAACCTTTCTTTCGATTCAACAGCTTAGAAACACTGTTTTTTAGAATCTGCAAAAGTACATTTGGGACAGCATTGAAACCTATGGTGAAAAAGAAAATATCTTCAGATAAAAAAAATAGAAAGAAGCTTTCTAAGAA","-","","CP068268_39050443_39150442.fa_CP068268_39050443_39150442"
"49",8352,8521,170,"AATGCTTTGTGATGTGTGCATTCATCTCTCAGAGTTAAAGCTTTCTTTTTATTCAGCAGTTTGGAAACTGTTTTTGTACATTCTGCGAATGGACATTTGGGAGGTTATTGAGGCCAATCATGAAAAAGTGAATATTCCAAGATAAAAACTAGATGGAAGCTATCTGAGAA","-","","CP068268_39050443_39150442.fa_CP068268_39050443_39150442"
"50",8522,8694,173,"ACTTCTTTGTTATGTGTGCATTCATCCCACATAGATTAACCTTTCTTTTGATTCACAATTTGGAAACACTTTTTTTGTACCTTCTGCAAATGGACATTTAGGAGTGTTTTGAGGCCTATGGTGAAAAAGAAAAAATATATTCAGATAAAAACTAGAAAGATGTATTCTGACAA","-","","CP068268_39050443_39150442.fa_CP068268_39050443_39150442"
"51",8695,8866,172,"ACTTCTTTGTGATGTGTGCCTTCATCTCACAGAGTTAAACCTTTCTTTTGATTCAGTAGTTTGGAGACACAGTTTTTGTCCATTCTGCAAATAGACATTTGGGAGCTCACTAAGGCCAAAGGCAAAAAAGCAAATATCTTAGGATACAAATAGGTAGGAAACTTTATGTGAA","-","","CP068268_39050443_39150442.fa_CP068268_39050443_39150442"
"52",8867,9038,172,"ACTCCTTCGTGATGTGTGGATTCATCTCACAGAGTTAAAACATTCATTGGATTCAGCAGTTTAAAAACTCTTTTTTTGTAGAATCTGAGAAAAGGCATTTGGGAGCACTTTGAGGCCTATCGTGACAAAGAAAATTTCTTCAGATAAAAAGTAGAAAGAAGCTTTCTGAGAA","-","","CP068268_39050443_39150442.fa_CP068268_39050443_39150442"
"53",9039,9210,172,"ATTGCTTTGTAATGGGTACATTTAACTCAAAGAGTTAACATTTTATTTTGATTCAGCAGTTTGGAAATAATGTTTTTGTACATTCTGTCAATGAGCATTTGGAAGTTCATTGAGGCCAATGGTGAAAAAGAAAATATTCCAAGACGAAAACTAGCAGGAAGCTATATGAGAA","-","","CP068268_39050443_39150442.fa_CP068268_39050443_39150442"
"54",9211,9382,172,"ACTGCTTTGTGATGTGTGCATTCATATCATAAAGTTAAAACTTTCTTTTGATTCAGCAGTTTGGAAACACTGTTTTTGTAGAATCTGTGAAAAAAACATTTGGGAGAATATTGAGGCCTATGGTGAAAAGGAAGTATCTTCAGATAAAAACTAGAGTGAAGCTTTCTGAGAA","-","","CP068268_39050443_39150442.fa_CP068268_39050443_39150442"
"55",9383,9552,170,"ATTCTCTGTGATGTTTCCATTTACCTCACAGAGATAAACCATTCTTTTGGTTCAGAATTTGGAAACACTGTTTTGCTACATTCTGAGAATGGACATTTGAGGGTCCATTGAGGCCTATGGGGAAAAAGAAAATATTTTCAGATAAAAAGTAGAAAGGTGATTTCTGAGAA","-","","CP068268_39050443_39150442.fa_CP068268_39050443_39150442"
