"","start","end","width","seq","strand","class","region.name"
"1",194,363,170,"ACTGCTTTGTGATGGGTGGATTTATCTCACAGAGTCAAACCATTCTTCTGATACAGCAGGTTGGAAATACTCTTTATGGACAATCTGCAAAGGGATATTTGGGAGCCCAATGATGCCTTTGGGAAAAGAGTGAATATCCCCAGATAAAAACTATAAAGAAGTGAAGGTGA","-","","CP068268_39050443_39150442.fa_CP068268_39050443_39150442"
"2",364,535,172,"AACTCTTTTCTGATGTGTGGATTCATCTCACAGAGTTAAACTTTTCTTTTAACTCAGTAGGTTGGAAACACATTTTTTGGATAATCTGTGAAGGGATATTTGCAGCCCATTGAAGCCCATGGGGAAAAATCAAATATCCCCAGATAAAAACTAGAAAGAAGCATTCCATGGA","-","","CP068268_39050443_39150442.fa_CP068268_39050443_39150442"
"3",536,703,168,"ATTGCTTTTTGATGTGTGGATTAATCTTACAGAAGAAATCTTTTCTATGATTCAGCAGGTTGCAATCACTCTTTTGGAGAATTTGCAAAGTGATATTTTGGAGCTCATTGATGCCAGTTGGTAAATCAGAATATCCCCAAATAAAAACCAGAAGGAAGCTATATGCAA","-","","CP068268_39050443_39150442.fa_CP068268_39050443_39150442"
"4",704,875,172,"ACCACCTTGTGATGTGCAAATTTCTCTCACTGATTTAAGCCTTGCTTTTGATTCAGCAGGTTGAAAACGCTCTAATTGTTGAAACTGTGAAGGTACATTTGGAAGCCCATTGAGACCTATAGGGAAAAACTGTATATCCCCAGATAAAAAGTAGAAAGAAGCTATCTGTGAA","-","","CP068268_39050443_39150442.fa_CP068268_39050443_39150442"
"5",876,1050,175,"ACTGCTTTTTGACATGCAGATTCATCTCACAGAGCTAAACCTTTTTATTTTTTTATTCAGCAGGCTGGAAACATTCTTTTTGTAGAACCTGTGAAGGGACATTTGCAAGCCACTTGATGCCTATGGGGAAAAATCTGAATATCCTCAAATAAAATCTAGAAAAAGTATTTGTGAA","-","","CP068268_39050443_39150442.fa_CP068268_39050443_39150442"
"6",1051,1222,172,"ACTGCTTTGTGATGGGTGGATTCATCTCACAGAGTTAAACCTTTCTATCGAATCTGCAGGTTGGAAAAACTTTATCTGAAGAATCTGCTAGTGGATATTTAGGAGCCCACTGAGACCTAGGGGGAAAAACAGGATACCCATCAAAGAAAACTACAAAGAAACTAACTGTGAA","-","","CP068268_39050443_39150442.fa_CP068268_39050443_39150442"
"7",1223,1393,171,"ACTGCTTTGTGATGTTGGATTCATCTCACAGAGTTAAAACTTTTCCTTAATTCAGTAGGTAGGAAACACTCCTTTTGTAGAATCTGTGAAGGGACATTTTGGAGCCTATTGAGGCCTAATAGGAAAAAATGAATATCCCCAGATAAAAGCTGGAAAGAAGCTTTCTGTGAA","-","","CP068268_39050443_39150442.fa_CP068268_39050443_39150442"
"8",1394,1565,172,"AATGGCTTTGGTATATGCAGATTCATCTCACAGAGTTAAAACATTCTTGTGATTCATCAGGGTGGAAACATTGTAATTGTTGAATCTGCAATGAGTCATTAGGGAGCTATTGAGACTTATGGGGAAAAACCAAATATCCCCAGATAATAATTAGACAGAAGTTACTTGTGAA","-","","CP068268_39050443_39150442.fa_CP068268_39050443_39150442"
"9",1566,1733,168,"ACTGCTTTGTGATGCATGCATTCACCTCATAGAGTTAAAACTTTTTCCTAATTCAGCAGATTATAAACACATTTTTGGAGAATAAATGAAGGGACATTTGGGAACCCACTGAGACCTATGGGGAAAAAGAGAATTTCTCCTTAACTAATGGAAGGAAGCTATTTGTAA","-","","CP068268_39050443_39150442.fa_CP068268_39050443_39150442"
"10",1734,1897,164,"AAATGGCTTTGTGATTCATCTCAGGGAGTTAAGCTTCTCTTTTGATGCAGCAGGTTGGAAACACTATTTTTGGAGGATCTGTGAATGGATATTTGTATCCCATTGAGGCCTACAGGAAAAACAGAATATCCCCAGATAACAACTAAATAAAACCTATCTATGAA","-","","CP068268_39050443_39150442.fa_CP068268_39050443_39150442"
"11",1898,2066,169,"ACTTCTTTGTTATATGTGGATTCATCTCACAGATTTAAGACTTTCTTTTGATTCAGCAAGTTGGAAACATTTTTTTGTAGAGGCTTCAAAGGGACTTTGGGGAGCCCATTGAGGCCTATTGGGAAAAACCGAATATTTACACATAAAACCCACAAAGAAGCTATCTGTG","-","","CP068268_39050443_39150442.fa_CP068268_39050443_39150442"
"12",2067,2238,172,"ACTGCTTTGTTATGTGTGGATTCATATCACAGATTTAAAACTTTCTTTTGATGCAGCTGGTTGGAAGAGCTCTTTATGTAGAATCTGCAAAAGGACATTTTGGAACCCATTGAGGCCTACTGGGAAAAACAAAATATCCTCAGAGAAAAACTAGAAAGAAATTAACTGTGAA","-","","CP068268_39050443_39150442.fa_CP068268_39050443_39150442"
"13",2239,2410,172,"ACCACTTTGTGATGTATGGATTCATCTCACGGAGTTAAGACTGTATTTTGATTAAGCAGGTTGGAAATACTGTTTTTGGAGAATGTGCAAATAGACGTTTGGAAGTCAGTTGAGGCCTATGGAAAAAAAATGAATATCTGCAGATAAAAACTAGAAAGAAGTTATCCATGAA","-","","CP068268_39050443_39150442.fa_CP068268_39050443_39150442"
"14",2411,2582,172,"ACAGCTTTGTGAAGTTTGGATTCATCTGACAGAGTTAAATGTTTCTTTTGATTCAGCAGGTTGGAAACACTCTTTTTGTAGAGTCTGCGATGGCATATTTGGGAGACCTTTGAATCCTATAGGGAAAAATGGAATATCCACTGATATAAACTAGAAAGAAGCTATCTGTGAA","-","","CP068268_39050443_39150442.fa_CP068268_39050443_39150442"
"15",2583,2754,172,"ACTGCTTTGTGATGTGTGGATTTATCTCACAGAGTTAAAGCTTTCTTTTAATTCAGCACGTTGGAAGCACTCTTTCTGGAAAATCTGCAAAGGGACATTTGGGAGTCCATTGATGTACATGAAAAAAAAAAGAATATCCCCAGATAAAAACTAGAAAGAAACAATCTGTTAA","-","","CP068268_39050443_39150442.fa_CP068268_39050443_39150442"
"16",2755,2925,171,"ACTGCTTTGTGATGTGTGGATTCATATCAAAGAGGTAAACGTTTATTTTGATTCAGGAGGTTGGAAACACTCTTTTTAAAGAATCTGTGAAGGAATATTTGGATGACAATTGATGCCTATGGGAAAAAACAGAATATCCCTAGATAAAACTAGAAAGAAGCAATCTGTGAA","-","","CP068268_39050443_39150442.fa_CP068268_39050443_39150442"
"17",2926,3096,171,"ACTGCTTTTGATGTGTGGATTCATCTGAGGGAGATAAACCTTTCTTTTGATTCAGCATGTTGTAAATACTCTTTTTGGAGGATCTGCAAAGGGACAGCTGGGAGCCCATTTAGGCATATGGAGAAAAACTGAACATTACCAGATAAAAACTAGAAATAAGCAATTTGTGAA","-","","CP068268_39050443_39150442.fa_CP068268_39050443_39150442"
"18",3097,3265,169,"ACTGCTTGGTGATGTTTGCTTTCATCTTACAAAGTTAAACTTTTTTCATTCAGAAGGTTGGAAACACTCTCTTTAGAGAATTTGTGAAGTGTCATTTTGGAGCAAATGGAGGCCAATGTTAAAATACCAAATATCCCCAGATAAAAACGAGAAAGAAGCTATCTGTGAA","-","","CP068268_39050443_39150442.fa_CP068268_39050443_39150442"
"19",3266,3436,171,"AGTGCTTTGTGATGTGTGCATTCCTCTTCCAGAGTTGAATCTTTCTTTTGATTCTGCACGTTGGAAACACTCTATTTGGAGGATCTGCAAGGGGACCTTTGAAAGCCCTTTGAGGCCTATGGTGAAAATCATGTATCCCTAGATAAGAATTAGAAAGAAACAATGTGTCAA","-","","CP068268_39050443_39150442.fa_CP068268_39050443_39150442"
"20",3437,3608,172,"ACTGCTTTGTGATGTGTCGATTCATTTTACAGAGTTAAATTTTTCTTTTGATTCAGCAGGTTGGAAAGACTCTAATTGGAGGATCTGCAAAGGTACATTTGGGAGCCCCTCTAGGCCTATGGGGTAAAACTGATTATCCCTTGATAAAAACTAGAAAGAAGCTATCTGAGAA","-","","CP068268_39050443_39150442.fa_CP068268_39050443_39150442"
"21",3609,3779,171,"ACAGTATTGTAACTTGTGGATTCTTCTCACAGAGTTAAAATTTTGTTTTGATTCAGTACATTGGAAGAACTCTTACTGGAAAATCTATGAAATGACATTTGGTAGCCCATGGAGGCCTGTGTTGAAAACTGAATAGCCCCAGATAGAAATGAGAAAGAAGCTACCTGTGAA","-","","CP068268_39050443_39150442.fa_CP068268_39050443_39150442"
"22",3780,3950,171,"ACTCCTTTGTGATGTGTAAATTCATCTCACAGAGTTAAACTTTCCTTTTGATTCAGCAGGTTGGAAACACCCTTTTTGTAGAAACTGTGAAGAAACATTTGGAAGCCCATTGAGACCTACTGGGAAAAACTTATATCTACAGATAAAAGGTAGAAGGAAGTTACCTGTGAA","-","","CP068268_39050443_39150442.fa_CP068268_39050443_39150442"
"23",3951,4122,172,"ACTGCTTTGTTATGTGGGGATTCATCTCACAGAGTTAAACTACTTTTTTGATTCAGCAAGTTGGAAACACTCTTTTTGGAGGATCTGCGAATTAATGTTTGAGCACCCATTGAGGCCAACGGTGTAGTGCCTAATATCACTAGATAAAAACTAGAAAGAAGCTATCTGTGAA","-","","CP068268_39050443_39150442.fa_CP068268_39050443_39150442"
"24",4123,4293,171,"ACTGCTTTGTGATGTGTGGATTCATGTCACAGATTTAAATTTTTCTTTGCGTTCAGCAGGCAGGAAACACTCTTTTTGGAAAATATGCAATGGGCCATTTATGAATCCATTGGGGCGTATGGGAAAATCTGAATATCCCCAGATAAAAACTAGAAAGAAACTGTCTGTGAA","-","","CP068268_39050443_39150442.fa_CP068268_39050443_39150442"
"25",4294,4466,173,"ACTGCTTTGTGTTGTGTGGATTCATCTCACAAAGTTAAACCTTTTCTTTTGATTAAAGGGGTTTGAAAAACTCTTTAAGGAGAATCTGCAAAGGGCCATTTGGCAACCCAGTGAGGCCTATTGGGAAAAAAATAATATCCCCAGATACAAACTAGAAAGAAGCTATCTGTCAA","-","","CP068268_39050443_39150442.fa_CP068268_39050443_39150442"
"26",4467,4636,170,"ACTGCTTTTAATGTGTGGATTAAGCTAACGGAGTTAAAACTTTTCTTTTATTCAGCAGGTTGGAAACACTGTTTTTGGAGAATCTGCAAAGGGATATTTGGGAGAACATTAAGGACTATGGGGAAAAACAGAATATCCCCAGATAAAAATAAAAAGAATCTATCTGTGAA","-","","CP068268_39050443_39150442.fa_CP068268_39050443_39150442"
"27",4637,4805,169,"ACTGCTTTATGATTTTTGGATTTATCTGAGATTTAAACCTTTCTTTTAATCAGCAGGTTGGCAACATTCTTTTTAAAGATTCTGTCAATGGACATTTAGGAGGCCTTTGAGGCTTATGGCGAAAAACCCAACATCCTCAGGTAAAAACTACAAGGAAGCTATCTGTGAA","-","","CP068268_39050443_39150442.fa_CP068268_39050443_39150442"
"28",4806,4983,178,"ACTGATTTGTGATGTGTGGATTCATCTTACATGGTTAAACCTTTCTTTTGATTCAGCAAGTTGAAAAGACTGTTTTTGGAGAATGTGCAAAAAGAAATTTGGGAGCCCATTGTGGCCTATGGGGAAAAAGCCAATATGCCCAGGAAAAAAAAAAAACTACAAAGAAGCTACTTGTGAA","-","","CP068268_39050443_39150442.fa_CP068268_39050443_39150442"
"29",4984,5155,172,"ACAGCTTTGTGATGTGTATATTCATCTCACAGAGTTAAAACTGTCTTTTGATTCAGCAGGGTGGAAACACTCTTTTTGGAGAATCTGGGAATGGATTTTTGGTAGTCATTTAAGGCCTATGGGGAAAAGCTGAATATCCCCAGATAAAAATTAAAAACAAGCTATCTGTGAA","-","","CP068268_39050443_39150442.fa_CP068268_39050443_39150442"
"30",5156,5328,173,"ACTGCTTTGTGATGTGTGTATTCATCTCAGAGAGTTAAAATTTTCTTTTGATTCAGCACGTTAGAAACACTCTTTTTGAAGGATCTGTGAAGGGACATTTGGGAGCCTATTGAGGCCTATGGAGAAAAATAAAATATCCTCAGGAAAAAAACTATAACGTAGTTATCTGTGAA","-","","CP068268_39050443_39150442.fa_CP068268_39050443_39150442"
"31",5329,5488,160,"CTGCACAGCAAAAGAAACTACCACCAGAGTGAACAGGCAACCTACAAAATGGAAACACACTTTTTGGAGAATCTGTGAAGGGACATTTGAGAGCCTTTTGGGGCCTATGGCGAAAAATCAAATATCCTCAGATAAAAACTAGAAGGAAGCCATCTCTGAA","-","","CP068268_39050443_39150442.fa_CP068268_39050443_39150442"
